Chromosome
Start
End
1
902
1261
1
36229
36764
1
75262
75673
1
114271
114659
1
176833
177470
1
266482
266739
1
336602
337256
1
413372
414011
1
428255
428517
1
498231
498702
1
556208
556961
1
604024
604366
1
671709
672617
1
695465
695965
1
767495
768130
1
816326
816946
1
852324
852967
1
874563
874878
1
914798
915298
1
986591
987058
1
1017990
1018630
1
1035552
1035995
1
1057012
1057598
1
1097884
1098165
1
1118564
1118933
1
1129248
1129525
1
1151047
1151624
1
1176468
1177022
1
1217130
1217854
1
1302230
1302928
1
1340299
1341093
1
1354255
1354755
1
1401647
1402147
1
1477898
1478463
1
1527218
1527747
1
1591938
1592318
1
1635834
1636154
2
59679
60207
2
115328
115955
2
155000
156000
2
218366
218741
2
287889
288381
2
348001
348311
2
438742
439364
2
452246
452565
2
497727
498074
2
529226
529607
2
572913
573461
2
588095
588557
2
607634
607960
2
704529
704960
2
768165
768524
2
851742
852076
2
857280
857620
2
908418
909183
2
1044702
1045202
2
1078722
1079055
2
1100267
1101041
2
1180604
1180898
2
1212340
1212988
2
1301253
1301982
2
1343606
1344351
3
40999
41499
3
66633
67183
3
124904
125520
3
165927
166326
3
230189
230580
3
298857
299428
3
359219
359720
3
410263
410541
3
462447
463447
3
528113
528780
3
566661
567060
3
580756
581031
3
640863
641769
3
694358
694925
3
766094
766401
3
808274
808862
3
888588
889314
3
902107
902768
3
928320
929015
3
1009735
1010112
3
1094424
1095137
3
1157086
1157489
3
1229242
1230099
4
92947
93252
4
107519
108082
4
168612
169091
4
256750
257319
4
303067
303441
4
366456
366986
4
427419
427787
4
463186
463686
4
607865
608395
4
703995
704255
4
736539
737284
4
750931
751241
4
779753
780753
4
815226
815675
4
874825
875164
4
909900
910217
4
1008436
1008733
4
1088493
1088779
4
1147527
1148362
5
33268
33817
5
51201
51811
5
131073
131521
5
172421
172814
5
279145
279645
5
339606
340106
5
368043
368536
5
410945
411445
5
446384
446924
5
449950
450450
5
524834
525328
5
530222
530722
5
576780
577296
5
630677
631177
5
669483
670309
5
702262
702568
5
751486
751880
5
802613
803069
5
873210
873595
5
894692
895192
5
960913
961345
5
990655
991025
5
1068643
1069330
5
1106519
1107009
5
1172747
1173480
6
11290
11901
6
36536
37030
6
95152
95512
6
135462
135905
6
194047
194769
6
232646
232989
6
271779
272249
6
366593
366979
6
419073
419430
6
454246
454649
6
509470
509827
6
524139
524639
6
558798
559590
6
581836
582456
6
599467
599888
6
668928
669555
6
689479
689857
6
772453
773215
6
838400
838946
6
928453
928953
6
1015392
1015892
6
1037133
1037734
6
1125696
1126196
7
13886
14386
7
71453
71847
7
104836
105194
7
222213
222514
7
292616
293358
7
320561
321026
7
379067
379565
7
410238
410738
7
436825
437098
7
540825
541333
7
566189
566459
7
679526
680026
7
772694
773114
7
829922
830469
7
887474
887974
7
928934
929418
7
954391
954844
7
996006
996873
7
1035102
1035516
7
1109623
1110103
8
52023
52394
8
82005
82413
8
109352
109683
8
171266
171766
8
231776
232625
8
257919
258286
8
286446
287020
8
335862
336362
8
369293
369599
8
572354
572813
8
613779
614367
8
634564
634905
8
668479
668892
8
680131
681320
8
729813
730313
8
883344
883845
8
935037
935396
8
1089865
1090365
8
1103399
1103769
8
1158597
1159086
8
1176546
1176865
8
1235445
1235953
