chromosome 
start 
end
1
64034 
64542
1
149055
149224
1
214218
214669
1
304672
305440
1
381203
382233
1
389575
390025
1
468099
468898
1
548388
548839
1
657373
657747
1
785164
786041
1
846219
847145
1
944686
944803
1
1028681
1029091
2
59470
60081
2
141706
142185
2
208169
208506
2
273692
274270
2
336446
336896
2
492933
493383
2
636280
636612
2
728957
729083
2
792197
792648
2
864120
864571
2
905538
906741
2
931941
932391
2
985383
985834
2
1041000
1041450
2
1168097
1168547
2
1201015
1201473
2
1272499
1272950
2
1295963
1296619
2
1318744
1319194
3
44728
45180
3
152039
152381
3
255571
255733
3
300436
300886
3
375195
375645
3
419073
419832
3
475810
476260
3
526828
527278
3
592019
592469
3
664516
664966
3
696873
697323
3
704451
705562
3
823592
824090
3
910389
910839
3
987258
987411
3
1043752
1044203
3
1149016
1149466
3
1197639
1198374
3
1287984
1288653
3
1355433
1355884
3
1455315
1456375
3
1496375
1496838
3
1592230
1592680
3
1645367
1645792
3
1692822
1693632
3
1720458
1720910
3
1751284
1751774
4
254559
255009
4
335140
335974
4
389043
389310
4
464064
464297
4
536099
536549
4
622345
622756
4
659583
660730
4
697189
697640
4
830236
830686
4
919675
920127
4
953874
954550
4
1051182
1052303
4
1094321
1094772
4
1150500
1151313
4
1324464
1324915
4
1381625
1382075
4
1483412
1483862
4
1499932
1500329
4
1522861
1523311
4
1565132
1565582
4
1595550
1596000
4
1688916
1689366
5
104385
104836
5
148977
149427
5
222562
223012
5
270594
271044
5
339955
340405
5
441846
442296
5
524422
524791
5
558916
559366
5
587471
587735
5
667653
668104
5
678509
679059
5
744092
744543
5
829316
829766
5
855728
856094
5
943262
943712
5
1059494
1059944
5
1117962
1118413
5
1248007
1248458
5
1290120
1290570
5
1315738
1316188
5
1474420
1475388
5
1536701
1537393
5
1566058
1566481
5
1676484
1676934
5
1737135
1737559
5
1803056
1803510
5
1809299
1809784
5
1856860
1857270
5
1922767
1923217
5
1980401
1980852
5
2150261
2150711
5
2227984
2228755
5
2231105
2231527
6
44694
45144
6
183063
184151
6
245049
245587
6
287630
287815
6
334898
337021
6
505156
505516
6
723926
724376
6
781041
781491
6
844002
844453
6
920325
920692
6
969427
969623
6
1068279
1068729
6
1111234
1111777
6
1176202
1176652
6
1185461
1185911
6
1230800
1231569
6
1315195
1315469
6
1407359
1407809
6
1435501
1435952
6
1528469
1529815
6
1593800
1594097
6
1665568
1666020
6
1682976
1683426
6
1778167
1778490
6
1866280
1866731
6
1951413
1952178
6
2001500
2002056
6
2192636
2193076
6
2280287
2282094
6
2370550
2371000
6
2375288
2375738
6
2441541
2441991
6
2540654
2541964
6
2599675
2600126
