Chromosome
Start
End
11
56724630
56726677
11
56763155
56765260
11
56771449
56772716
11
56786855
56789090
11
56795804
56797411
11
56817532
56819757
11
56857835
56859550
11
56983244
56984872
11
56986827
56989012
11
57014898
57017404
11
57128043
57129543
11
57141809
57145440
11
57182846
57184035
11
57222413
57224724
11
57275924
57277595
11
57299179
57300500
11
57308431
57309756
11
57316809
57319027
11
57328739
57329912
11
57333489
57335781
11
57367499
57370242
11
57399041
57400260
11
57458511
57465873
11
57467038
57469151
11
57474794
57476204
11
57484046
57488577
11
57490273
57491683
11
57497722
57499228
11
57506906
57510316
11
57513492
57514833
11
57534930
57539946
11
57543099
57545015
11
57546626
57549596
11
57558122
57559235
11
57560283
57561915
11
57580931
57585176
11
57601760
57603460
11
57606167
57607935
11
57610519
57622830
11
57636181
57637242
11
57642945
57645308
11
57652328
57655902
11
57657487
57659663
11
57685003
57688151
11
57708478
57712389
11
57786436
57787671
11
57822722
57828854
11
57843551
57849016
11
57858246
57860186
11
57891622
57892856
11
57912478
57914824
11
57917293
57920529
11
57941060
57942624
11
57983741
57985722
11
58007391
58009924
11
58031033
58032610
11
58047010
58050022
11
58118139
58119538
11
58138427
58141193
11
58154673
58158433
11
58170299
58172062
11
58177236
58178500
11
58215701
58217003
11
58274855
58276503
11
58278102
58281034
11
58296281
58297581
11
58394470
58396817
11
58405022
58406885
11
58423100
58424754
11
58430020
58431570
11
58456336
58459233
11
58476091
58480334
11
58569848
58573478
11
58599747
58602372
11
58613721
58615232
11
58617230
58621546
11
58663201
58666201
11
58688551
58690750
11
58706852
58708841
11
58769213
58771678
11
58778837
58782233
11
58798880
58802171
11
58809174
58831442
11
58840604
58842487
11
58845219
58847670
11
58856752
58859676
11
58861176
58864646
11
58870420
58871920
11
58926004
58927006
11
58945702
58946902
11
58949885
58956784
11
58971134
58972227
11
58978403
58980321
11
58991165
58994076
11
59001515
59003415
11
59007080
59010061
11
59017914
59019014
11
59024114
59025614
11
59041139
59045885
11
59079614
59081614
11
59104213
59107742
11
59121487
59125457
11
59127714
59130526
11
59142013
59149899
11
59228294
59229894
11
59265237
59266875
11
59321377
59323792
11
59330430
59331653
11
59339375
59344296
11
59369200
59370949
11
59381215
59383115
11
59428537
59429637
11
59477862
59481472
11
59597189
59599002
11
59608740
59613245
11
59620131
59622969
11
59654995
59656695
11
59661090
59665752
11
59677033
59678942
11
59690144
59692244
11
59710465
59714271
11
59715371
59716489
11
59746509
59747609
11
59763105
59765378
11
59776222
59781826
11
59793459
59794506
11
59811763
59812863
11
59828040
59829537
11
59840616
59842347
11
59861872
59865953
11
59904066
59905141
11
59920788
59923716
11
59925540
59926841
11
59930575
59933265
11
59955485
59957822
11
59990753
59994456
11
59999095
60001306
11
60006006
60007335
11
60011615
60014818
11
60019418
60021779
11
60025640
60029329
11
60093626
60095087
11
60167457
60171276
11
60176086
60178245
11
60233190
60235317
11
60277285
60279514
11
60294785
60298531
11
60310818
60313714
11
60318024
60321405
11
60352297
60356229
11
60365366
60366589
11
60404994
60406091
11
60455137
60456232
11
60506269
60507273
11
60514048
60519542
11
60542357
60544566
11
60545936
60547436
11
60689201
60690854
11
60692054
60696231
11
60721668
60723120
11
60728708
60734571
11
60747029
60751830
11
60770793
60772430
11
60794796
60797656
11
60805107
60806307
11
60836907
60841173
11
60843373
60846327
11
60855753
60857051
11
60881997
60883097
11
60942090
60945245
11
60966941
60968027
11
60971248
60973078
11
61000075
61001754
11
61026440
61028490
11
61052488
61054030
11
61060336
61063302
11
61117432
61118837
11
61157458
61159614
11
61193363
61194563
11
61217401
61219411
11
61223443
61226009
11
61228788
61230115
11
61263059
61267179
11
61300258
61306109
11
61309486
61311908
11
61335304
61336504
11
61348745
61350323
11
61384189
61385832
11
61393640
61396682
11
61432006
61433287
11
61435660
61437571
11
61479363
61482518
11
61486686
61488362
11
61489711
61491711
11
61498559
61502911
11
61508146
61511454
11
61517444
61525299
11
61528335
61532202
11
61557516
61558970
11
61565975
61567045
11
61577169
61579295
11
61649421
61653381
11
61667437
61672601
11
61745152
61747411
11
61764537
61767718
11
61772755
61775139
11
61788582
61791097
11
61794171
61795235
11
61825330
61829337
11
61837991
61840305
11
61892509
61894707
11
61945260
61947281
11
61954986
61957801
11
61981493
61982693
11
62025310
62028015
11
62035995
62038394
11
62064337
62065837
11
62070957
62073013
11
62096954
62099756
11
62156450
62157799
11
62160945
62163069
11
62188245
62189306
11
62238159
62241596
11
62272202
62277767
11
62353940
62356617
11
62366859
62369065
11
62376881
62377898
11
62418296
62419763
11
62453585
62454936
11
62461763
62465732
11
62531042
62532506
11
62564786
62565802
11
62625890
62627035
11
62645022
62646767
11
62663304
62665322
11
62693653
62697343
11
62754172
62756803
11
62836685
62838519
11
62852093
62854051
11
62902531
62904394
11
62933348
62934647
11
62946402
62949869
11
63037543
63038643
11
63060886
63062777
11
63068398
63070246
11
63098234
63099681
11
63102904
63105093
11
63141743
63144206
11
63188903
63190000
11
63269787
63272087
11
63294624
63295756
11
63310299
63312915
11
63371905
63374166
11
63418493
63420347
11
63424215
63425834
11
63531895
63533681
11
63537687
63538962
11
63545810
63547211
11
63589562
63590920
11
63599832
63601264
11
63669379
63671172
11
63726661
63728046
11
63732232
63739049
11
63769473
63770630
11
63775461
63777505
11
63781910
63787021
11
63814640
63817396
11
63916318
63917844
11
63927158
63929603
11
63963980
63965306
11
63968298
63971872
11
63989161
63991043
11
64003777
64007247
11
64035560
64036635
11
64047127
64048966
11
64111648
64115258
11
64184036
64185708
11
64251460
64253460
11
64279380
64281320
11
64284285
64289193
11
64349797
64351461
11
64363199
64365029
11
64394893
64396143
11
64403462
64405162
11
64423093
64424462
11
64442450
64444550
11
64643536
64645316
11
64744914
64747662
11
64794633
64795833
11
64797468
64799068
11
64808045
64809493
11
64827445
64829660
11
64835129
64837301
11
64869007
64874933
11
64977975
64980530
11
65011193
65012798
11
65024519
65025632
11
65041985
65045183
11
65055167
65056704
11
65062144
65063626
11
65072103
65073410
11
65090926
65092394
11
65154038
65156609
11
65161458
65164259
11
65254253
65255772
11
65305878
65307078
11
65352550
65355806
11
65358211
65359537
11
65406792
65409872
11
65431502
65433028
11
65488776
65490224
11
65494663
65497799
11
65515067
65516497
11
65602748
65609450
11
65621793
65624489
11
65663702
65665202
11
65762910
65764770
11
65798661
65800568
11
65852222
65854712
11
65882527
65884910
11
65894217
65895466
11
65924713
65926040
11
65983222
65986037
11
66077105
66079214
11
66092258
66093758
11
66112403
66114625
11
66152529
66153543
11
66175417
66179757
11
66182572
66183688
11
66190298
66192564
11
66213542
66215042
11
66246977
66250185
11
66340552
66343959
11
66383739
66388863
11
66431382
66433127
11
66450647
66452039
11
66479423
66481602
11
66539290
66541652
11
66595984
66597088
11
66658249
66659489
11
66720391
66723836
11
66737397
66740098
11
66761770
66763715
11
66781984
66784085
11
66790356
66791410
11
66794498
66795522
11
66802435
66805194
11
66807422
66809185
11
66868248
66870360
11
66889260
66890262
11
66897597
66899148
11
66915109
66919219
11
66925915
66928214
11
66959935
66963078
11
66972555
66979870
11
67019097
67020523
11
67031099
67032746
11
67050534
67052695
11
67069536
67070736
11
67169162
67171944
11
67189832
67190956
11
67198788
67202198
11
67270361
67272947
11
67334395
67335695
11
67338653
67340332
11
67355988
67358340
11
67451159
67454174
11
67468053
67470761
11
67483400
67492025
11
67495900
67497751
11
67503931
67507178
11
67583161
67585240
11
67587551
67590938
11
67592801
67594179
11
67596192
67597370
11
67614986
67618472
11
67634234
67638409
11
67639464
67643392
11
67671172
67673684
11
67706782
67708775
11
67725228
67727692
11
67737337
67739271
11
67741509
67745704
11
67778671
67780293
11
67819715
67822811
11
67830282
67832123
11
67844604
67845895
11
67865898
67868093
11
67904208
67906550
11
67931909
67933331
11
67942554
67949572
11
67950717
67953362
11
68028439
68031496
11
68036318
68041339
11
68045720
68048086
11
68055232
68059784
11
68074379
68078780
11
68092894
68093994
11
68099949
68102289
11
68115831
68118097
11
68129060
68131311
11
68154968
68158264
11
68194835
68198111
11
68200397
68204260
11
68205553
68206874
11
68214292
68217890
11
68256496
68258228
11
68266350
68269268
11
68286246
68287777
11
68290275
68291710
11
68300296
68303201
11
68309810
68311256
11
68341560
68343620
11
68372099
68374399
11
68399503
68401956
11
68410441
68414272
11
68416699
68418560
11
68438552
68441049
11
68505575
68509105
11
68591282
68593625
11
68611344
68613396
11
68629810
68639425
11
68640956
68643437
11
68651822
68652896
11
68667828
68670155
11
68736268
68739235
11
68745049
68747301
11
68767180
68771452
11
68773073
68774445
11
68806595
68811649
11
68815662
68816769
11
68852343
68853856
11
68855854
68859870
11
68874913
68880062
11
68887227
68893392
11
68903878
68908541
11
68917067
68923778
11
68932671
68939533
11
68949281
68952932
11
68978233
68980929
11
68983280
68986771
11
68999326
69005721
11
69012658
69014447
11
69050597
69053862
11
69064707
69066044
11
69069616
69072415
11
69080820
69082450
11
69091859
69094083
11
69134938
69136078
11
69155790
69157890
11
69176779
69179443
11
69182184
69186956
11
69212424
69216784
11
69219917
69226588
11
69233540
69240237
11
69248908
69253087
11
69268503
69270643
11
69272809
69276414
11
69291653
69293190
11
69309665
69311643
11
69328562
69330196
11
69379183
69381698
11
69394464
69397314
11
69402697
69403910
11
69405172
69406626
11
69420434
69423195
11
69448603
69452090
11
69471100
69472500
11
69474300
69476567
11
69487285
69488585
11
69496314
69499440
11
69509323
69513040
11
69523269
69525358
11
69574172
69575594
11
69580402
69582768
11
69592373
69596031
11
69618225
69621031
11
69640469
69642319
11
69645738
69648290
11
69649534
69657979
11
69661397
69663678
11
69668167
69672045
11
69713404
69715604
11
69716981
69720826
11
69729042
69731031
11
69735643
69737839
11
69750326
69757737
11
69781334
69784485
11
69786251
69787491
11
69793303
69794353
11
69796071
69799202
11
69811855
69814202
11
69815620
69817320
11
69820361
69826455
11
69833132
69841899
11
69843299
69844610
11
69855294
69857092
11
69858308
69862838
11
69871215
69873443
11
69885139
69886540
11
69920188
69922319
11
69983213
69985268
11
69996671
69998157
11
70029245
70031338
11
70036045
70037545
11
70043403
70044985
11
70050824
70057884
11
70118038
70120074
11
70138316
70139690
11
70156654
70157739
11
70160911
70162822
11
70166981
70168389
11
70170401
70171735
11
70247987
70250387
11
70251866
70256722
11
70278021
70281266
11
70282703
70284954
11
70335754
70337733
11
70355542
70357425
11
70370175
70372359
11
70377889
70380102
11
70396021
70397097
11
70422642
70427494
11
70428991
70433191
11
70461437
70464551
11
70467980
70473393
11
70477238
70480333
11
70489670
70490974
11
70502851
70504951
11
70514210
70520009
11
70532837
70536166
11
70544044
70546474
11
70572336
70573891
11
70579666
70581268
11
70601249
70603049
11
70659513
70663569
11
70713669
70714852
11
70785156
70787834
11
70797478
70800357
11
70848668
70850680
11
70863945
70867128
11
70872903
70874150
11
70975899
70978583
11
70996141
70998341
11
71014422
71018392
11
71058500
71060423
11
71068737
71070009
11
71078911
71080937
11
71097044
71098406
11
71099619
71103150
11
71222683
71224835
11
71245625
71246925
11
71277605
71279182
11
71294133
71295368
11
71334968
71336462
11
71341023
71342067
11
71366280
71371409
11
71464852
71469566
11
71507526
71510299
11
71535586
71537166
11
71563300
71568998
11
71593107
71594778
11
71614213
71616208
11
71656534
71659810
11
71676771
71679313
11
71752582
71756616
11
71761284
71764214
11
71789733
71792422
11
71811795
71812997
11
71815895
71817443
11
71825518
71830197
11
71865864
71868364
11
71879492
71881804
11
71925577
71929204
11
71934824
71936628
11
71950712
71953474
11
71967837
71969412
11
72066441
72071103
11
72127609
72131384
11
72152664
72155105
11
72171482
72173944
11
72215964
72218076
11
72222707
72224936
11
72226422
72229004
11
72233745
72235131
11
72252321
72254322
11
72272116
72273316
11
72302842
72307760
11
72422087
72426810
11
72430840
72432212
11
72466550
72469255
11
72505302
72507879
11
72516658
72519830
11
72581712
72585894
11
72610953
72613800
11
72768454
72771340
11
72775510
72782808
11
72806474
72807974
11
72833838
72836189
11
72839667
72840743
11
72843643
72845374
11
72859283
72860583
11
72863265
72865120
11
72894378
72897491
11
72903260
72904663
11
72911236
72913188
11
72927081
72929996
11
72953494
72954994
11
72972139
72973221
11
72974964
72978088
11
72981837
72984116
11
72991512
72994452
11
73014527
73016327
11
73053946
73058026
11
73093410
73095271
11
73100214
73103934
11
73110359
73112890
11
73121059
73122428
11
73145210
73148426
11
73156964
73158013
11
73543109
73545216
11
73596927
73598966
11
73720468
73722933
11
73782977
73784160
11
73799568
73801268
11
73958831
73961208
11
73997475
73998675
11
74144534
74146558
11
74183134
74184324
11
74186849
74187860
11
74200144
74205148
11
74208605
74210183
11
74223649
74226024
11
74251913
74254089
11
74263894
74265174
11
74279517
74281974
11
74336771
74342106
11
74352485
74353939
11
74400135
74401497
11
74404232
74407183
11
74426161
74429225
11
74434810
74437205
11
74452907
74455916
11
74464322
74469810
11
74480016
74482116
11
74538253
74541654
11
74543060
74545382
11
74565701
74568385
11
74629475
74631517
11
74644761
74656029
11
74657529
74660810
11
74664098
74668052
11
74673577
74675477
11
74680501
74681801
11
74711883
74714000
11
74740207
74743391
11
74808006
74809193
11
74869808
74871872
11
74889148
74891758
11
74963746
74968756
11
74972195
74973548
11
74978765
74991710
11
75009208
75014105
11
75022018
75023125
11
75029228
75031949
11
75065488
75067032
11
75079540
75081340
11
75085838
75087782
11
75091002
75092202
11
75096074
75099490
11
75138689
75140205
11
75161997
75164810
11
75236649
75238949
11
75244180
75245360
11
75251965
75256405
11
75265117
75271681
11
75272810
75275667
11
75277567
75284746
11
75301295
75303684
11
75324399
75327299
11
75347436
75349324
11
75351849
75355287
11
75372965
75374085
11
75383509
75389915
11
75403435
75405095
11
75446955
75448255
11
75465724
75473666
11
75487995
75489195
11
75494044
75498735
11
75548543
75550149
11
75585494
75586931
11
75610151
75616286
11
75631054
75632074
11
75647330
75648431
11
75657025
75663488
11
75673952
75675653
11
75676785
75681933
11
75685760
75687260
11
75723436
75724836
11
75732163
75734268
11
75738193
75739641
11
75781218
75784100
11
75840438
75846970
11
75853620
75857091
11
75862761
75863902
11
75929747
75931834
11
75957284
75959682
11
76015541
76020680
11
76058598
76060331
11
76076384
76080829
11
76103883
76108788
11
76117718
76121626
11
76171303
76173684
11
76213473
76216611
11
76247959
76263343
11
76281388
76289622
11
76309175
76313404
11
76323513
76327259
11
76345277
76347937
11
76385027
76388827
11
76404079
76405643
11
76428377
76430517
11
76437817
76440761
11
76466779
76467957
11
76474798
76477130
11
76493746
76496760
11
76510111
76511627
11
76514698
76518303
11
76523593
76526608
11
76582860
76584379
11
76591142
76592634
11
76617431
76619284
11
76661337
76664291
11
76728728
76732662
11
76738039
76742096
11
76761318
76763925
11
76790205
76791927
11
76811985
76816437
11
76818062
76822750
11
76892611
76895221
11
76907486
76910223
11
76946053
76947110
11
77017578
77018934
11
77029835
77034531
11
77046929
77048079
11
77083433
77088409
11
77101544
77102584
11
77105471
77108084
11
77163814
77165970
11
77194363
77195415
11
77196616
77200947
11
77207687
77208701
11
77278116
77285057
11
77286555
77289815
11
77304259
77310739
11
77314901
77316607
11
77328339
77332554
11
77336281
77337791
11
77502581
77507998
11
77578872
77583966
11
77605421
77609386
11
77616776
77617876
11
77620395
77622057
11
77623854
77626454
11
77629843
77632222
11
77640799
77644888
11
77654128
77661302
11
77666292
77668600
11
77669690
77678234
11
77680819
77685055
11
77690351
77693167
11
77723464
77725932
11
77730062
77732375
11
77741747
77743447
11
77746326
77749153
11
77753020
77754758
11
77763108
77764708
11
77766645
77767792
11
77781480
77783522
11
77798110
77803596
11
77847583
77850286
11
77853409
77855059
11
77856500
77857992
11
77931010
77932811
11
77972690
77974018
11
77977199
77983579
11
77993536
77995766
11
78004057
78006357
11
78076431
78078774
11
78130259
78132134
11
78144412
78146130
11
78158598
78166777
11
78174571
78177656
11
78178834
78180676
11
78183379
78184479
11
78192992
78194335
11
78201278
78203478
11
78210090
78217105
11
78236454
78240438
11
78281495
78283795
11
78289949
78292189
11
78321128
78322328
11
78325957
78329763
11
78365861
78367310
11
78408083
78409851
11
78455511
78457347
11
78512484
78516285
11
78641553
78644328
11
78651265
78653070
11
78660089
78663779
11
78666977
78668246
11
78692011
78693349
11
78702645
78703791
11
78739585
78742235
11
78767244
78775320
11
78781762
78784289
11
78788587
78789632
11
78814741
78816332
11
78833745
78848726
11
78852382
78855801
11
78861668
78868479
11
78884200
78888244
11
78899454
78907541
11
78937308
78941945
11
78951546
78954141
11
78961331
78963678
11
78994248
78995923
11
79006893
79009146
11
79046067
79048770
11
79061296
79063417
11
79066312
79068666
11
79069968
79071268
11
79103793
79106944
11
79154534
79157805
11
79204824
79209731
11
79334711
79337246
11
79354276
79356634
11
79396851
79398385
11
79405804
79408409
11
79415508
79417326
11
79452161
79457845
11
79460208
79461287
11
79476017
79478817
11
79481767
79484209
11
79485509
79487384
11
79489889
79492780
11
79499801
79502004
11
79511539
79513592
11
79519353
79521798
11
79526670
79529801
11
79541377
79546283
11
79578839
79581830
11
79588583
79589771
11
79603235
79606746
11
79648735
79650277
11
79668457
79672803
11
79685079
79687845
11
79707357
79710066
11
79719482
79721194
11
79788704
79791072
11
79805455
79815640
11
79848317
79855547
11
79861864
79863409
11
79895861
79898253
11
79969675
79971818
11
80022747
80028174
11
80055702
80057854
11
80070831
80077030
11
80114924
80119261
11
80175448
80177466
11
80193142
80194435
11
80218994
80221185
11
80244325
80245625
11
80287827
80289517
11
80291480
80296595
11
80304071
80305088
11
80323250
80324990
11
80349754
80356145
11
80372442
80373802
11
80445307
80446696
11
80490605
80495944
11
80499795
80503140
11
80563284
80565843
11
80586472
80589477
11
80593417
80597684
11
80622905
80630018
11
80651713
80652790
11
80677307
80678474
11
80686571
80687666
11
80761277
80763015
11
80839721
80842405
11
80868904
80870378
11
80894990
80896780
11
80908665
80910737
11
80936418
80940784
11
80967116
80971116
11
81043435
81045562
11
81091364
81093015
11
81095148
81096448
11
81114973
81116676
11
81128791
81131424
11
81176509
81179884
11
81194085
81197054
11
81243072
81244683
11
81264994
81267500
11
81274932
81276917
11
81285829
81287215
11
81296480
81297492
11
81428791
81430977
11
81442093
81443673
11
81452714
81454535
11
81463800
81465044
11
81522672
81524567
11
81550851
81556016
11
81568759
81570043
11
81576242
81577455
11
81609663
81612361
11
81615721
81617257
11
81626125
81628572
11
81678899
81681731
11
81716955
81718064
11
81783559
81785459
11
81788845
81790264
11
81812174
81814117
11
81828254
81830731
11
81832212
81834785
11
81870049
81873127
11
81874443
81876616
11
81936030
81938819
11
81997922
81999722
11
82012219
82013889
11
82024829
82027084
11
82041341
82043141
11
82045909
82046997
11
82061763
82064250
11
82066095
82068795
11
82119985
82121940
11
82125459
82126734
11
82176677
82177999
11
82201940
82208179
11
82215500
82219914
11
82221475
82225213
11
82249922
82252208
11
82258990
82262890
11
82270444
82271944
11
82285237
82286864
11
82291488
82293387
11
82355876
82356959
11
82360757
82363189
11
82406769
82409927
11
82422983
82424241
11
82425510
82431282
11
82433612
82436084
11
82453048
82455296
11
82463833
82468239
11
82471997
82475463
11
82506382
82509114
11
82587405
82589575
11
82595436
82598878
11
82629246
82631952
11
82684141
82689227
11
82702558
82706478
11
82720954
82722494
11
82735639
82737039
11
82744583
82750134
11
82767003
82768159
11
83004649
83005849
11
83086567
83089193
11
83118157
83120174
11
83175835
83178373
11
83224339
83229070
11
83235694
83237516
11
83255719
83257834
11
83259234
83261234
11
83288859
83290637
11
83341114
83342687
11
83350642
83352063
11
83404404
83405790
11
83410626
83412826
11
83455781
83457904
11
83498717
83501823
11
83511196
83512762
11
83532766
83534660
11
83585915
83587078
11
83652596
83653612
11
83663054
83670818
11
83703498
83707989
11
83779198
83782336
11
83863221
83865030
11
83870092
83871552
11
83883433
83885846
11
83943249
83947348
11
83993604
83997683
11
84015335
84017251
11
84023689
84025711
11
84061615
84064331
11
84102479
84104243
11
84109436
84111596
11
84158555
84160180
11
84165418
84166448
11
84178784
84180890
11
84216335
84219922
11
84228288
84232681
11
84241133
84243548
11
84247137
84251620
11
84280005
84283200
11
84328158
84331538
11
84340281
84343291
11
84344805
84346380
11
84354315
84358626
11
84371324
84372893
11
84384735
84387601
11
84389917
84392124
11
84393872
84395281
11
84398269
84399499
11
84402061
84404883
11
84415242
84420876
11
84423633
84424733
11
84435460
84437231
11
84449248
84455209
11
84457185
84460547
11
84474111
84475311
11
84505876
84509474
11
84515541
84518975
11
84521548
84524314
11
84526120
84528049
11
84545083
84548497
11
84566183
84568175
11
84575886
84582272
11
84590726
84593571
11
84622744
84624482
11
84630344
84631575
11
84632902
84636129
11
84644419
84645864
11
84684725
84688154
11
84695564
84697164
11
84698902
84702026
11
84749078
84750555
11
84758517
84760562
11
84770702
84781907
11
84851589
84852860
11
84929369
84930727
11
84954239
84957052
11
85012445
85014390
11
85050157
85053180
11
85079976
85081143
11
85096469
85097625
11
85126256
85129199
11
85193450
85195376
11
85207169
85210302
11
85224436
85227190
11
85248405
85250644
11
85299462
85302386
11
85316904
85320269
11
85326021
85327221
11
85362761
85364603
11
85385620
85390927
11
85392012
85395273
11
85400628
85403825
11
85428945
85436156
11
85469550
85473814
11
85480087
85481430
11
85482675
85484288
11
85500623
85502068
11
85568461
85571596
11
85582472
85584629
11
85592419
85593492
11
85629617
85633763
11
85644903
85651347
11
85652540
85662405
11
85691874
85694864
11
85705486
85707552
11
85710897
85713345
11
85714996
85716456
11
85727560
85730053
11
85732508
85735422
11
85770381
85772160
11
85777048
85780485
11
85786322
85789033
11
85790388
85794112
11
85803605
85807795
11
85811635
85813997
11
85832840
85835310
11
85838475
85842041
11
85846489
85847924
11
85878085
85879306
11
85906352
85907654
11
86004150
86005763
11
86016196
86017964
11
86029004
86031827
11
86066725
86069700
11
86071286
86072720
11
86172225
86175853
11
86249245
86252199
11
86298701
86302175
11
86359369
86362180
11
86387032
86388396
11
86424982
86427548
11
86446043
86447209
11
86453852
86455836
11
86499224
86501482
11
86552961
86554371
11
86573708
86575308
11
86709217
86712011
11
86731649
86736424
11
86747160
86748721
11
86752477
86757271
11
86783407
86785685
11
86808572
86811213
11
86856684
86857770
11
86890145
86891989
11
86925290
86928782
11
86941452
86944551
11
87073512
87075704
11
87093326
87095384
11
87121173
87123023
11
87141455
87143019
11
87171361
87176818
11
87216615
87221709
11
87237756
87239727
11
87258698
87259846
11
87263017
87265446
11
87277253
87280342
11
87286351
87289480
11
87384382
87385817
11
87394179
87397779
11
87410797
87413697
11
87432036
87437382
11
87452767
87453914
11
87496344
87498070
11
87502055
87503548
11
87512564
87513610
11
87519823
87520897
11
87541807
87543620
11
87551759
87554547
11
87570945
87572838
11
87579919
87581575
11
87592877
87598175
11
87608908
87612157
11
87615878
87623375
11
87634742
87640627
11
87673621
87676310
11
87690520
87692237
11
87789153
87790696
11
87802048
87805990
11
87825146
87826580
11
87863594
87865310
11
87882958
87886179
11
87914394
87917972
11
87924804
87926406
11
87941739
87943410
11
87953131
87956479
11
87980049
87983126
11
87985699
87987630
11
87992632
87994021
11
88002097
88004030
11
88008469
88010834
11
88017463
88021499
11
88067981
88070647
11
88074442
88075890
11
88095467
88096583
11
88119204
88120812
11
88123962
88132164
11
88156149
88160575
11
88179247
88182347
11
88196663
88198963
11
88209597
88211097
11
88215563
88218296
11
88228811
88230695
11
88233788
88235862
11
88240797
88242930
11
88244199
88247991
11
88257546
88259489
11
88275380
88278464
11
88303517
88305387
11
88333471
88334564
11
88349062
88351933
11
88357863
88359263
11
88362794
88364076
11
88372616
88378069
11
88380184
88381386
11
88389629
88393512
11
88433701
88435874
11
88438520
88439524
11
88442620
88445034
11
88449656
88454581
11
88477842
88482912
11
88498225
88499905
11
88504318
88506426
11
88513375
88514758
11
88529087
88537300
11
88586635
88588229
11
88646736
88648436
11
88653877
88656680
11
88658925
88660447
11
88667566
88668875
11
88672540
88673725
11
88677162
88681657
11
88695509
88697202
11
88742373
88744143
11
88759555
88760690
11
88763137
88766957
11
88797794
88799300
11
88814510
88815602
11
88832490
88833933
11
88848327
88850048
11
88875472
88878791
11
88929899
88932077
11
88939499
88941929
11
88951527
88953257
11
88957918
88959301
11
88961055
88962470
11
88963599
88965086
11
88968090
88970355
11
88972104
88974095
11
88979850
88981180
11
88983068
88984203
11
89009371
89011234
11
89047245
89049314
11
89056044
89057344
11
89065173
89070264
11
89113431
89120344
11
89123901
89125315
11
89129753
89132019
11
89133145
89134719
11
89186187
89191065
11
89197466
89199730
11
89209971
89210989
11
89222383
89225751
11
89235412
89236442
11
89261622
89264222
11
89270357
89278574
11
89320575
89325915
11
89338228
89342941
11
89351791
89355290
11
89360507
89366547
11
89387154
89390598
11
89392905
89394438
11
89406464
89407716
11
89439603
89442053
11
89443180
89444680
11
89460601
89463213
11
89471081
89474316
11
89485203
89487302
11
89497656
89504477
11
89520398
89521798
11
89540047
89545493
11
89552655
89554285
11
89667791
89669280
11
89672973
89674237
11
89689417
89690512
11
89733662
89734828
11
89766741
89768090
11
89773547
89776163
11
89804370
89806796
11
89809896
89811096
11
89817800
89821078
11
89826168
89830750
11
89855207
89857517
11
89862882
89866135
11
89867743
89871780
11
89889644
89891250
11
89925268
89926306
11
89953493
89955503
11
89964346
89966711
11
89985757
89988490
11
90003768
90005482
11
90030944
90032698
11
90047785
90049313
11
90063311
90067781
11
90083520
90085320
11
90139752
90141371
11
90154380
90156704
11
90165289
90167458
11
90177815
90178915
11
90185497
90186797
11
90197654
90199294
11
90204331
90208355
11
90233712
90235428
11
90270077
90271838
11
90273742
90275507
11
90294280
90296763
11
90351852
90354178
11
90358370
90360133
11
90387532
90390204
11
90453436
90456091
11
90489572
90491046
11
90492494
90494343
11
90502547
90506995
11
90519490
90520578
11
90598236
90603112
11
90625254
90626326
11
90664778
90666264
11
90670588
90672666
11
90692221
90695896
11
90926271
90928998
11
90943268
90944479
11
90945778
90948472
11
91011323
91013618
11
91123234
91125559
11
91201125
91203152
11
91218659
91222765
11
91230091
91232744
11
91304693
91305760
11
91317360
91322259
11
91427262
91429164
11
91459975
91461232
11
91486226
91488422
11
91495320
91498156
11
91717098
91718873
11
91766494
91768522
11
91798382
91800961
11
91842671
91844275
11
91905274
91907532
11
91951861
91954209
11
92069502
92070616
11
92129262
92132413
11
92148062
92149550
11
92177692
92179393
11
92222126
92223758
11
92318710
92320514
11
92327663
92329429
11
92335659
92337678
11
92500293
92501835
11
92544872
92548665
11
92558967
92560888
11
92609540
92611581
11
92649956
92651611
11
92652689
92654102
11
92717750
92719587
11
92725518
92726618
11
92741960
92745683
11
92781163
92785312
11
92802648
92804871
11
92870925
92874118
11
92913690
92915934
11
92931153
92933973
11
92957275
92959884
11
92988507
92990716
11
93143804
93145502
11
93156868
93157942
11
93215247
93216623
11
93217846
93219260
11
93260366
93262072
11
93285694
93288052
11
93321283
93325888
11
93397897
93399759
11
93439711
93440954
11
93455768
93457017
11
93475234
93478632
11
93579377
93580649
11
93624734
93627258
11
93667284
93669785
11
93700581
93704298
11
93728081
93730434
11
93764924
93768196
11
93770452
93772602
11
93811034
93813482
11
93823795
93825813
11
93840662
93842467
11
93908990
93910654
11
93949007
93951563
11
93953063
93956458
11
93959383
93961619
11
93965643
93969784
11
93974518
93978193
11
93984448
93986789
11
93996941
93998349
11
94015149
94018149
11
94025133
94028937
11
94052715
94056285
11
94058285
94060248
11
94062048
94063648
11
94089766
94091169
11
94142584
94145362
11
94184737
94186202
11
94227255
94230455
11
94231997
94240934
11
94259459
94260859
11
94269262
94270463
11
94284696
94291007
11
94297789
94300789
11
94306883
94312598
11
94314333
94316333
11
94322142
94323915
11
94328000
94330819
11
94349366
94350555
11
94359635
94362623
11
94376087
94381099
11
94385098
94387273
11
94390070
94392184
11
94434481
94435629
11
94445507
94449036
11
94471438
94472552
11
94483897
94487325
11
94492651
94495049
11
94513695
94515248
11
94530750
94535552
11
94546380
94549658
11
94570333
94571373
11
94652977
94655696
11
94687477
94692055
11
94697303
94699531
11
94717946
94719309
11
94731749
94733148
11
94752186
94753986
11
94756417
94760117
11
94761717
94762925
11
94764853
94766754
11
94805586
94810948
11
94820142
94823042
11
94825170
94827168
11
94833120
94836307
11
94841752
94843952
11
94848770
94850969
11
94859409
94860582
11
94862382
94863938
11
94872559
94874359
11
94890523
94893826
11
94899412
94901261
11
94920659
94923022
11
94935687
94943043
11
94950686
94954060
11
94960815
94964160
11
95001060
95004198
11
95015910
95017217
11
95029752
95031303
11
95067350
95070384
11
95073891
95076197
11
95100701
95102280
11
95151691
95154524
11
95169169
95170478
11
95185674
95188255
11
95208719
95211334
11
95225196
95227532
11
95229566
95232307
11
95270922
95271965
11
95320158
95321672
11
95325703
95331568
11
95350086
95352133
11
95358693
95360468
11
95384397
95385797
11
95390823
95392923
11
95394923
95398245
11
95402893
95404087
11
95412581
95415838
11
95435699
95439285
11
95447469
95449169
11
95455369
95460710
11
95463680
95464992
11
95482613
95483713
11
95527544
95530861
11
95539931
95543791
11
95567867
95568994
11
95582527
95583976
11
95612091
95613714
11
95637741
95641625
11
95657230
95659155
11
95667680
95668932
11
95678086
95681008
11
95684127
95685771
11
95712521
95714389
11
95721472
95722697
11
95730056
95732080
11
95771775
95779402
11
95805301
95808850
11
95818877
95828760
11
95841224
95842458
11
95879525
95883096
11
95954747
95957626
11
96007363
96010710
11
96013780
96017004
11
96025583
96026994
11
96080775
96090638
11
96096085
96103020
11
96114530
96116893
11
96133709
96137275
11
96140650
96143067
11
96147403
96149795
11
96158339
96163027
11
96167356
96171803
11
96235459
96238041
11
96279873
96285149
11
96309902
96311250
11
96319483
96321538
11
96331565
96332967
11
96386009
96387792
11
96434791
96436956
11
96451852
96454471
11
96458532
96460612
11
96463062
96465376
11
96501319
96502568
11
96509474
96513040
11
96551323
96552907
11
96581134
96582712
11
96604625
96609125
11
96610277
96611563
11
96644864
96647016
11
96665123
96666862
11
96691784
96693470
11
96707804
96710798
11
96719610
96724147
11
96731026
96733256
11
96792315
96794215
11
96801531
96803591
11
96816888
96820888
11
96826410
96827725
11
96833840
96842176
11
96849316
96851127
11
96865870
96868999
11
96871277
96873040
11
96874549
96879932
11
96881687
96885703
11
96897840
96899478
11
96924424
96926042
11
96930195
96932304
11
96939495
96940595
11
96942131
96944133
11
96951751
96958094
11
96965501
96968403
11
97002518
97006258
11
97095164
97097874
11
97125377
97129078
11
97130873
97133002
11
97177651
97179732
11
97216517
97222856
11
97231196
97233337
11
97244721
97246236
11
97253758
97257190
11
97277933
97282112
11
97286204
97288004
11
97315232
97317894
11
97325232
97329730
11
97334489
97339676
11
97349332
97351988
11
97355513
97357538
11
97361302
97365664
11
97375711
97378420
11
97381735
97383333
11
97386147
97392549
11
97418767
97420120
11
97424007
97425582
11
97442253
97448286
11
97473132
97474244
11
97475501
97481931
11
97491309
97494244
11
97501183
97502752
11
97506888
97508288
11
97510789
97512676
11
97514883
97517406
11
97533303
97535669
11
97558754
97561706
11
97568516
97569568
11
97613334
97622104
11
97627293
97632823
11
97640900
97643250
11
97645601
97646618
11
97729248
97730845
11
97736116
97740246
11
97756144
97759360
11
97763202
97764376
11
97801696
97806385
11
97810253
97813509
11
97817026
97821422
11
97827150
97829278
11
97835734
97839699
11
97842433
97844336
11
97849870
97853104
11
97863816
97870217
11
97879883
97883172
11
97902741
97905578
11
97928206
97929417
11
97964391
97967718
11
98018101
98020052
11
98031648
98034469
11
98065140
98066740
11
98108630
98113146
11
98114389
98117712
11
98133117
98134652
11
98141881
98147090
11
98152142
98158048
11
98161072
98163190
11
98164470
98166270
11
98169213
98171762
11
98173299
98175099
11
98194273
98198595
11
98202300
98209532
11
98235498
98236698
11
98248015
98250047
11
98262450
98268096
11
98269930
98271330
11
98272878
98276881
11
98303019
98304837
11
98316818
98318832
11
98325717
98326963
11
98360162
98363728
11
98366682
98367982
11
98398493
98400393
11
98402093
98403911
11
98417546
98418902
11
98497746
98499460
11
98507520
98509307
11
98511539
98513445
11
98517270
98521390
11
98523290
98525090
11
98528407
98531711
11
98556440
98561440
11
98563204
98567832
11
98569153
98572733
11
98580851
98585193
11
98586393
98587793
11
98597842
98599526
11
98601888
98603288
11
98610109
98614820
11
98625310
98627831
11
98646169
98648000
11
98664318
98667557
11
98711241
98712869
11
98742892
98744310
11
98746741
98749744
11
98752032
98760082
11
98766534
98772505
11
98775318
98782992
11
98784477
98786354
11
98796451
98802390
11
98851978
98853573
11
98855016
98858005
11
98862958
98864087
11
98897735
98899747
11
98903990
98905490
11
98944004
98945590
11
98947579
98952797
11
98962726
98967682
11
98992454
98997362
11
98998435
98999535
11
99021540
99023086
11
99025078
99026105
11
99045481
99047654
11
99052298
99055227
11
99086311
99088477
11
99100173
99102421
11
99147662
99148861
11
99185864
99188241
11
99201842
99205830
11
99216976
99218271
11
99242532
99245354
11
99287369
99288700
11
99322210
99324439
11
99342344
99343516
11
99347854
99348962
11
99367571
99369117
11
99374563
99375963
11
99438521
99442038
11
99458940
99461363
11
99550759
99552116
11
99676241
99679631
11
99747463
99748518
11
99766525
99767894
11
99781877
99782977
11
99786801
99787963
11
99838499
99839675
11
99841880
99842980
11
99854073
99855808
11
99912036
99913136
11
99925637
99928508
11
99951412
99956629
11
99959529
99962025
11
99969659
99971244
11
99991985
99993129
11
100022908
100024777
11
100048606
100049715
11
100069254
100070954
11
100074496
100078877
11
100080868
100084347
11
100102097
100103726
11
100104872
100107922
11
100135328
100136633
11
100145695
100147137
11
100163883
100168889
11
100171463
100173037
11
100186215
100187249
11
100205621
100207024
11
100211382
100215607
11
100229651
100233474
11
100237540
100239840
11
100256128
100258258
11
100287763
100289032
11
100290056
100291498
11
100294738
100297630
11
100309366
100311507
11
100319073
100320564
11
100343163
100344483
11
100356425
100358235
11
100390610
100393240
11
100433539
100441068
11
100453655
100458458
11
100463903
100467688
11
100488431
100490275
11
100503964
100505655
11
100508036
100509231
11
100527593
100529316
11
100533860
100535707
11
100561786
100562986
11
100574595
100576196
11
100578236
100580570
11
100584666
100586534
11
100613189
100615318
11
100644371
100646157
11
100652251
100653451
11
100663912
100668654
11
100675881
100677281
11
100689055
100691635
11
100701657
100703501
11
100713178
100714779
11
100719796
100721664
11
100768750
100771748
11
100773446
100776367
11
100783839
100787082
11
100835357
100838872
11
100885511
100887874
11
100889249
100890349
11
100892548
100895402
11
100898140
100902285
11
100934895
100937095
11
100977880
100981482
11
100982690
100988407
11
101001389
101002686
11
101003840
101006504
11
101041805
101043182
11
101061040
101065485
11
101075269
101079300
11
101131837
101133649
11
101140204
101148584
11
101152999
101156086
11
101167329
101168409
11
101240826
101242190
11
101258166
101259266
11
101273144
101276696
11
101280514
101284907
11
101374374
101376057
11
101386013
101387369
11
101420295
101421453
11
101434181
101435941
11
101441679
101444178
11
101456686
101459743
11
101461214
101463388
11
101473416
101474615
11
101481143
101483312
11
101484813
101486181
11
101488971
101490136
11
101496176
101497954
11
101502424
101504623
11
101525438
101528151
11
101558490
101559920
11
101583624
101590157
11
101599623
101601907
11
101604317
101605671
11
101617190
101618825
11
101631514
101632749
11
101635166
101638827
11
101645478
101647085
11
101654386
101656478
11
101685358
101687994
11
101696930
101698138
11
101707267
101708356
11
101712210
101713648
11
101732442
101733989
11
101740604
101742321
11
101743529
101745121
11
101752975
101754575
11
101778776
101786204
11
101798568
101802063
11
101824455
101826276
11
101837220
101844072
11
101901911
101906084
11
101911886
101914164
11
101922671
101926852
11
101950302
101951905
11
101958366
101963637
11
102000034
102002679
11
102003934
102008251
11
102011561
102012661
11
102015062
102023890
11
102030493
102032882
11
102043570
102046763
11
102064036
102065179
11
102079040
102084444
11
102091078
102094757
11
102099766
102101464
11
102111024
102114606
11
102123584
102127960
11
102129060
102136490
11
102166190
102169767
11
102208870
102210544
11
102213057
102215957
11
102221674
102225193
11
102248037
102257040
11
102259697
102264473
11
102271378
102273336
11
102281142
102284529
11
102370959
102374559
11
102417381
102425013
11
102446935
102450060
11
102454282
102455887
11
102469716
102472252
11
102479810
102484220
11
102544637
102546016
11
102575005
102582172
11
102583417
102591082
11
102595228
102596528
11
102598652
102601029
11
102633066
102636237
11
102682864
102684211
11
102695904
102698273
11
102705488
102706684
11
102713929
102715029
11
102727560
102732493
11
102761339
102765048
11
102781551
102782898
11
102805465
102808455
11
102822952
102824100
11
102832281
102833647
11
102852380
102853447
11
102879192
102880428
11
102884614
102886602
11
102910057
102911574
11
102913578
102915311
11
102920245
102923494
11
102928108
102929508
11
102931922
102933659
11
102947802
102949866
11
102952500
102953509
11
102957489
102959385
11
102960511
102961875
11
102983769
102990057
11
102993638
102995238
11
103007926
103011102
11
103013802
103018593
11
103034368
103036583
11
103040566
103043680
11
103053758
103057843
11
103061681
103064640
11
103074401
103076335
11
103082614
103084357
11
103101366
103102472
11
103114253
103115506
11
103141098
103143582
11
103175542
103181214
11
103225081
103226838
11
103246746
103248577
11
103252673
103256750
11
103288194
103289218
11
103319551
103322252
11
103416180
103417786
11
103437588
103439023
11
103458340
103459430
11
103463500
103469631
11
103534485
103535570
11
103546091
103547191
11
103548773
103553536
11
103564752
103566752
11
103586917
103590602
11
103593602
103594793
11
103600111
103601208
11
103624009
103629694
11
103657405
103658505
11
103680710
103682406
11
103756947
103758408
11
103768648
103770908
11
103782438
103784138
11
103792655
103793994
11
103840927
103842543
11
103844894
103846347
11
103897610
103901096
11
103902468
103903572
11
103914189
103918924
11
103946826
103949304
11
103970628
103972488
11
103982463
103988117
11
103989741
103992241
11
104004332
104007489
11
104046520
104050595
11
104052691
104054486
11
104081347
104082470
11
104086680
104091573
11
104093303
104095270
11
104133114
104135686
11
104180802
104183463
11
104226941
104228380
11
104250047
104251226
11
104257135
104260001
11
104262067
104264500
11
104272897
104274318
11
104282704
104287476
11
104366405
104367451
11
104374071
104375135
11
104392720
104395302
11
104423041
104425043
11
104462345
104463645
11
104478251
104480188
11
104492803
104495994
11
104516557
104520123
11
104538945
104540582
11
104552844
104555126
11
104560976
104563760
11
104598059
104599204
11
104668431
104669588
11
104735475
104736928
11
104738231
104743525
11
104751207
104752263
11
104765403
104766603
11
104794565
104799649
11
104810276
104812207
11
104860107
104862568
11
104872268
104874439
11
104941476
104943293
11
104966323
104968928
11
104983523
104985038
11
104995922
105000542
11
105085520
105087637
11
105109735
105111170
11
105139243
105140385
11
105144069
105146103
11
105147245
105149811
11
105157463
105160348
11
105161422
105166212
11
105178619
105181661
11
105200414
105202134
11
105217524
105220484
11
105222113
105223888
11
105257724
105260230
11
105268628
105273307
11
105282946
105283975
11
105356724
105358655
11
105404756
105407061
11
105472348
105475518
11
105518618
105519695
11
105543846
105546877
11
105560975
105563328
11
105595702
105597852
11
105605479
105608734
11
105656659
105658239
11
105757930
105761733
11
105783079
105784969
11
105803760
105806634
11
105822211
105824425
11
105852570
105853970
11
105899710
105904545
11
105970811
105977400
11
106031824
106033180
11
106086103
106087219
11
106088254
106090273
11
106118477
106119734
11
106123520
106124999
11
106139813
106146321
11
106190667
106194308
11
106199660
106200722
11
106204885
106209479
11
106262021
106264722
11
106296886
106298141
11
106302613
106305500
11
106315875
106318299
11
106326577
106329160
11
106358334
106359462
11
106364093
106366052
11
106411397
106412422
11
106427875
106430313
11
106455300
106457861
11
106470043
106471143
11
106473794
106475287
11
106480052
106482397
11
106484376
106486508
11
106490738
106492453
11
106524838
106526358
11
106528729
106530332
11
106542357
106543983
11
106554792
106556165
11
106566666
106568625
11
106573288
106574332
11
106578242
106580339
11
106594203
106596975
11
106635813
106638117
11
106667527
106671795
11
106674186
106682244
11
106724892
106726082
11
106732412
106737985
11
106741670
106742898
11
106813647
106816172
11
106841145
106845775
11
106874619
106876028
11
106901614
106902714
11
106945800
106951892
11
106952924
106954621
11
106971840
106974038
11
107001145
107005514
11
107074318
107075917
11
107080989
107082091
11
107095664
107097811
11
107114997
107116040
11
107137045
107139025
11
107163149
107165123
11
107170437
107171895
11
107196427
107199182
11
107212182
107214395
11
107227184
107230353
11
107254926
107256181
11
107263309
107265635
11
107270747
107272012
11
107284031
107287225
11
107347158
107349218
11
107362607
107365239
11
107434630
107437133
11
107441710
107444760
11
107448963
107450918
11
107485889
107487215
11
107492097
107495810
11
107504971
107506771
11
107529389
107531026
11
107533735
107535145
11
107558962
107560447
11
107576522
107580166
11
107607905
107613259
11
107628318
107629777
11
107682000
107684132
11
107690530
107693141
11
107737877
107739520
11
107794462
107797580
11
107808109
107817198
11
107823409
107824771
11
107828030
107829544
11
107848096
107850138
11
107854972
107859227
11
107884512
107887399
11
107954371
107955550
11
107966020
107967406
11
107986342
107987537
11
108024978
108026084
11
108042034
108043138
11
108053200
108054866
11
108081043
108083400
11
108086607
108090271
11
108116435
108119885
11
108158124
108161042
11
108240260
108242848
11
108274534
108277642
11
108313855
108316648
11
108436110
108437510
11
108473768
108475319
11
108538013
108539213
11
108570571
108574385
11
108660634
108664331
11
108701511
108703431
11
108705335
108710858
11
108714519
108716082
11
108735285
108746201
11
108751303
108752503
11
108759311
108760836
11
108762187
108767097
11
108788832
108790869
11
108848156
108849277
11
108865430
108866507
11
108884105
108886501
11
108898589
108900471
11
108909103
108910675
11
108984086
108986147
11
109041646
109044530
11
109053287
109054971
11
109078349
109080037
11
109176352
109179692
11
109221908
109223851
11
109241658
109242758
11
109251977
109254376
11
109255490
109256850
11
109288767
109292022
11
109361051
109362991
11
109371676
109374964
11
109396826
109399925
11
109406475
109408826
11
109410222
109415351
11
109422698
109428429
11
109464923
109468258
11
109492965
109494592
11
109516261
109517401
11
109527948
109529116
11
109535559
109539031
11
109554884
109556042
11
109618671
109621269
11
109689781
109691749
11
109717538
109719393
11
109721034
109723089
11
109750791
109751952
11
109761549
109763976
11
109882936
109884396
11
109984626
109986081
11
109987653
109989019
11
110036352
110038607
11
110076294
110077585
11
110120431
110121733
11
110152951
110155116
11
110162929
110165851
11
110188124
110189145
11
110240071
110241312
11
110247025
110248216
11
110251147
110252282
11
110263053
110265868
11
110318552
110320143
11
110343254
110344591
11
110349182
110350976
11
110473197
110475461
11
110630379
110632277
11
110706013
110707639
11
110754492
110757044
11
110767850
110771223
11
110772490
110773590
11
110794254
110795354
11
110834230
110835409
11
110876176
110877876
11
110885458
110886825
11
110964611
110966011
11
110975274
110976876
11
111178164
111180241
11
111226313
111227826
11
111275638
111277363
11
111280901
111282703
11
111337987
111339196
11
111344895
111346137
11
111413847
111415138
11
111447849
111448989
11
111462418
111463718
11
111506432
111508756
11
111687814
111689996
11
111738865
111741692
11
111760490
111764260
11
111767951
111770162
11
111848283
111850773
11
111867517
111869136
11
111878769
111880014
11
111988643
111989775
11
111997151
111998820
11
112032031
112033441
11
112048772
112050732
11
112087284
112089484
11
112218087
112221450
11
112317496
112318898
11
112327870
112330586
11
112358548
112360318
11
112370560
112371676
11
112380318
112382868
11
112436649
112438346
11
112462897
112465884
11
112500600
112503219
11
112507732
112512243
11
112532822
112539268
11
112596739
112601093
11
112610366
112613097
11
112643784
112647026
11
112649246
112650630
11
112655099
112656723
11
112676297
112677697
11
112700728
112704534
11
112710212
112712619
11
112719621
112721199
11
112776301
112778304
11
112801454
112803683
11
112806283
112808575
11
112831707
112834751
11
112886915
112888015
11
112896451
112897653
11
112927770
112929283
11
112941960
112943476
11
112947939
112949749
11
112950991
112952126
11
112961920
112965373
11
112979292
112982877
11
112984994
112987132
11
112995249
112997213
11
113004181
113006107
11
113012522
113018101
11
113022842
113026263
11
113037272
113039417
11
113061554
113063772
11
113067799
113076634
11
113099360
113101573
11
113107031
113113241
11
113149570
113152617
11
113167543
113169471
11
113185973
113187109
11
113195901
113199346
11
113205420
113207084
11
113210127
113212466
11
113244296
113245625
11
113250747
113252204
11
113297280
113299663
11
113309278
113310585
11
113335038
113337254
11
113345024
113346742
11
113366199
113367326
11
113372938
113376176
11
113433813
113437571
11
113464253
113467215
11
113473224
113474403
11
113524392
113527706
11
113538471
113546907
11
113564876
113569266
11
113581451
113583889
11
113592495
113597236
11
113612601
113614453
11
113642246
113646323
11
113658249
113659449
11
113675367
113676674
11
113688534
113691867
11
113696877
113698313
11
113708982
113711976
11
113743541
113746492
11
113750977
113752677
11
113753777
113754859
11
113765631
113768056
11
113769303
113772851
11
113805493
113811055
11
113845077
113846377
11
113855042
113857173
11
113858209
113861056
11
113865566
113866948
11
113875469
113876935
11
113879757
113884258
11
113930684
113932427
11
113936683
113938588
11
113943030
113944230
11
113957930
113959600
11
113990927
113996253
11
114000809
114003596
11
114013666
114015683
11
114032537
114034137
11
114040140
114041840
11
114054766
114056366
11
114067895
114071104
11
114072529
114074404
11
114093823
114104732
11
114113165
114115434
11
114150693
114153347
11
114157870
114159217
11
114165527
114167183
11
114178326
114180534
11
114193800
114196023
11
114197598
114199210
11
114200564
114202685
11
114242327
114245644
11
114262056
114266161
11
114287111
114289554
11
114294205
114296050
11
114321332
114323025
11
114325904
114330262
11
114352275
114353698
11
114358261
114359374
11
114369859
114371474
11
114374898
114378012
11
114379103
114380999
11
114382488
114385559
11
114452090
114455002
11
114478312
114479375
11
114483115
114485588
11
114490120
114493806
11
114500196
114503073
11
114506237
114508461
11
114527121
114529105
11
114580406
114582184
11
114586663
114588317
11
114590691
114593127
11
114596108
114598208
11
114601351
114610020
11
114629240
114631130
11
114645476
114646876
11
114663844
114669045
11
114682019
114687126
11
114689290
114692008
11
114694278
114697894
11
114700284
114702461
11
114742992
114744504
11
114747064
114748162
11
114817060
114818581
11
114826525
114827925
11
114836814
114838214
11
114847572
114848972
11
114858221
114859621
11
114919059
114921425
11
114925164
114927178
11
114973171
114976406
11
114978165
114982091
11
114991342
114995953
11
115000053
115003843
11
115011301
115017360
11
115025916
115027816
11
115030222
115031988
11
115052053
115053083
11
115059110
115060310
11
115061810
115068475
11
115073312
115076405
11
115080946
115086862
11
115092876
115095633
11
115097658
115099546
11
115104648
115105818
11
115108742
115109764
11
115133521
115136129
11
115145295
115147453
11
115149612
115152310
11
115155975
115157051
11
115164162
115167098
11
115170434
115171995
11
115182352
115184578
11
115197605
115200005
11
115231668
115232885
11
115234646
115237727
11
115287387
115288561
11
115306314
115307597
11
115313652
115314891
11
115351064
115353118
11
115418838
115422281
11
115427274
115430728
11
115522345
115526903
11
115529635
115531244
11
115562860
115564130
11
115580453
115582467
11
115595024
115598235
11
115603431
115606219
11
115610837
115613886
11
115616052
115618552
11
115622568
115624272
11
115626271
115632363
11
115637177
115643862
11
115646964
115649739
11
115658921
115662198
11
115668753
115672273
11
115674451
115678112
11
115697280
115704226
11
115709637
115711337
11
115717939
115721532
11
115750313
115751994
11
115771542
115777231
11
115779603
115784146
11
115789201
115791872
11
115807482
115809145
11
115820292
115823755
11
115825055
115829097
11
115838275
115841066
11
115845054
115847595
11
115862780
115865327
11
115891699
115903152
11
115919405
115927873
11
115945949
115949631
11
115954582
115955711
11
115964227
115965727
11
115968091
115969461
11
116011784
116016575
11
116036135
116038135
11
116050774
116054994
11
116089581
116090622
11
116096370
116097912
11
116109020
116110820
11
116112436
116115177
11
116145510
116152113
11
116154432
116159180
11
116163325
116166350
11
116227437
116230541
11
116248992
116257462
11
116260218
116264340
11
116269721
116272021
11
116305445
116307104
11
116346605
116350423
11
116355212
116360039
11
116369817
116371850
11
116395240
116397714
11
116412179
116414593
11
116421106
116424981
11
116436914
116438145
11
116439381
116441081
11
116459076
116461125
11
116462954
116470976
11
116481776
116483230
11
116495321
116497296
11
116509776
116511576
11
116625305
116628066
11
116641103
116645912
11
116658132
116660371
11
116665622
116671143
11
116685121
116687646
11
116689301
116690674
11
116700450
116703790
11
116733847
116737416
11
116739150
116741113
11
116751292
116753081
11
116780666
116781766
11
116795942
116797735
11
116800140
116803648
11
116810288
116812790
11
116816384
116820109
11
116823330
116824830
11
116843734
116845179
11
116852352
116853605
11
116855195
116859803
11
116865927
116867477
11
116892205
116893505
11
116895359
116898084
11
116904922
116906611
11
116930537
116932737
11
116934652
116936883
11
116943869
116945642
11
116967978
116970298
11
116985377
116988118
11
116989214
116990481
11
116992459
116995385
11
116998744
116999826
11
117013961
117015495
