Chromosome
Start
End
11
56640347
56642987
11
56728793
56730317
11
56774520
56775851
11
56858035
56864345
11
56921210
56922298
11
56987773
56989112
11
57085127
57086962
11
57204374
57206734
11
57214689
57218169
11
57239822
57241324
11
57242650
57246992
11
57264850
57266050
11
57285188
57286487
11
57316809
57320434
11
57331969
57336182
11
57460174
57463253
11
57483846
57488177
11
57490783
57491930
11
57497722
57499228
11
57506906
57509327
11
57546526
57549974
11
57582798
57583998
11
57606167
57607935
11
57610419
57612599
11
57615819
57623107
11
57641770
57652328
11
57658283
57659663
11
57685203
57688590
11
57773354
57774513
11
57778212
57779417
11
57822722
57829595
11
57844492
57848458
11
57856626
57863114
11
57891422
57892856
11
57911999
57921656
11
57931298
57934409
11
57936428
57939180
11
57976786
57978700
11
57983741
57986566
11
58118239
58119538
11
58121897
58124880
11
58131774
58136138
11
58137588
58141193
11
58154673
58158433
11
58180983
58182476
11
58454879
58460638
11
58475284
58478655
11
58569748
58573033
11
58593884
58595369
11
58614031
58615132
11
58617230
58621276
11
58658908
58660538
11
58663201
58666201
11
58687489
58690750
11
58706852
58708241
11
58718771
58721456
11
58743864
58745330
11
58748812
58750312
11
58751465
58755627
11
58756647
58758452
11
58760063
58771478
11
58776756
58780345
11
58792946
58795531
11
58806342
58812274
11
58818275
58821403
11
58840604
58843075
11
58856552
58859876
11
58878426
58879526
11
58902023
58904914
11
58914127
58916057
11
58921789
58926753
11
58929828
58931878
11
58940976
58942347
11
58945702
58946902
11
58949585
58953984
11
58977803
58980321
11
58990418
58995774
11
59005315
59010061
11
59015154
59020975
11
59024014
59030325
11
59039861
59046175
11
59059201
59061381
11
59079074
59082559
11
59100684
59110938
11
59112052
59113142
11
59120087
59126057
11
59127314
59130626
11
59138351
59139971
11
59142443
59153636
11
59247245
59248540
11
59263847
59267960
11
59287777
59289013
11
59290926
59293084
11
59319416
59325063
11
59334020
59335368
11
59381515
59383115
11
59391745
59392750
11
59426772
59431089
11
59474981
59476418
11
59477424
59482032
11
59534422
59535595
11
59598006
59605291
11
59622269
59627836
11
59641138
59643157
11
59654895
59668911
11
59677333
59678442
11
59715887
59717473
11
59721388
59722824
11
59762885
59765578
11
59768974
59771167
11
59775222
59776722
11
59828140
59830237
11
59861872
59864822
11
59921710
59924240
11
59925440
59927767
11
59929667
59934019
11
59952475
59957822
11
59990653
59994756
11
60015418
60029329
11
60034039
60040418
11
60050388
60051850
11
60087186
60088230
11
60123403
60125693
11
60135093
60137662
11
60141566
60143248
11
60169361
60172368
11
60176781
60179413
11
60231458
60235617
11
60277485
60280486
11
60288031
60289239
11
60293185
60300086
11
60318124
60320805
11
60323035
60327535
11
60352015
60359212
11
60362719
60364940
11
60368989
60371785
11
60479855
60481064
11
60514048
60517388
11
60520942
60524106
11
60526806
60532513
11
60534472
60536130
11
60542357
60546036
11
60626252
60628188
11
60666883
60668455
11
60686007
60688701
11
60689751
60690954
11
60693970
60696592
11
60727593
60734771
11
60745444
60754780
11
60764430
60765762
11
60836407
60841273
11
60842373
60846027
11
60854882
60856553
11
60881697
60883897
11
60885717
60888655
11
60985744
60987381
11
60989134
60993695
11
61061971
61063202
11
61157187
61160452
11
61192147
61195506
11
61218601
61219811
11
61223443
61225283
11
61248322
61250416
11
61264979
61267479
11
61306209
61310681
11
61348945
61350423
11
61360085
61363039
11
61392654
61400162
11
61434892
61437571
11
61482118
61484223
11
61497212
61503375
11
61507546
61510001
11
61556664
61561063
11
61564827
61566845
11
61568971
61571142
11
61576969
61579595
11
61581464
61583262
11
61595741
61598774
11
61649421
61653381
11
61667437
61673005
11
61744734
61748049
11
61772755
61777904
11
61787382
61791097
11
61794171
61796042
11
61798135
61801288
11
61893732
61896820
11
61960914
61962176
11
62036095
62038010
11
62063336
62068059
11
62070957
62074013
11
62096202
62101178
11
62187364
62189706
11
62191547
62195236
11
62207762
62208870
11
62219260
62220576
11
62226934
62228663
11
62264419
62267612
11
62271084
62277767
11
62310052
62312298
11
62347183
62348978
11
62351735
62357706
11
62364844
62372196
11
62402298
62405668
11
62412332
62415219
11
62417206
62418963
11
62434654
62436576
11
62459976
62465732
11
62508641
62510562
11
62547157
62548557
11
62558431
62568778
11
62571801
62575469
11
62625890
62627035
11
62645322
62646767
11
62693753
62699390
11
62722328
62724321
11
62740572
62742502
11
62754372
62755476
11
62825183
62827107
11
62828659
62830319
11
62899474
62900481
11
62933348
62934369
11
62946502
62951332
11
62961625
62965012
11
62973271
62974671
11
62975771
62977271
11
63011893
63013999
11
63030175
63031446
11
63052821
63054169
11
63060586
63063760
11
63097534
63099681
11
63107046
63108669
11
63120867
63122270
11
63230207
63232479
11
63270387
63271587
11
63294624
63295756
11
63341729
63344343
11
63415721
63416901
11
63508143
63509629
11
63537943
63538962
11
63548311
63550490
11
63567915
63569696
11
63599832
63601064
11
63603765
63605156
11
63664852
63666076
11
63669579
63671472
11
63684307
63686261
11
63703168
63710715
11
63726061
63742677
11
63768773
63770630
11
63775902
63778940
11
63799828
63800861
11
63815596
63817196
11
63834751
63838349
11
63853620
63855640
11
63916218
63917844
11
63963980
63965961
11
64049471
64050504
11
64112719
64114506
11
64129642
64130711
11
64219965
64221024
11
64248570
64252360
11
64284685
64285785
11
64287279
64290193
11
64296050
64297906
11
64335648
64337382
11
64403962
64407244
11
64423393
64424462
11
64522968
64526281
11
64537965
64539565
11
64591782
64593910
11
64744658
64748626
11
64771571
64772648
11
64774348
64776228
11
64777868
64779078
11
64791799
64800613
11
64807445
64811473
11
64826745
64830460
11
64832933
64836570
11
64879403
64881455
11
64973503
64980530
11
65002019
65004319
11
65011193
65012798
11
65061413
65065494
11
65093946
65095561
11
65193557
65194657
11
65242170
65243728
11
65245209
65246409
11
65264524
65266377
11
65311188
65312426
11
65356406
65357555
11
65406792
65407992
11
65431202
65433128
11
65488476
65491937
11
65502771
65504707
11
65510965
65512614
11
65514788
65516940
11
65598416
65609550
11
65617770
65620703
11
65621793
65626413
11
65663702
65665102
11
65754372
65755972
11
65762610
65764294
11
65768395
65769408
11
65776704
65777804
11
65798461
65800568
11
65894217
65895728
11
65982616
65985664
11
66077005
66078505
11
66091509
66093258
11
66113120
66114725
11
66213642
66215042
11
66327677
66330086
11
66338951
66345761
11
66351827
66354331
11
66535936
66536985
11
66538310
66541352
11
66694165
66696683
11
66802435
66804053
11
66835375
66837388
11
66840227
66842562
11
66844114
66845940
11
66867542
66872015
11
66917509
66919119
11
66925226
66927934
11
66960035
66962374
11
66978610
66979670
11
67019197
67021123
11
67050734
67052195
11
67180615
67184167
11
67189015
67190956
11
67215497
67220795
11
67268262
67273447
11
67283969
67285543
11
67334695
67336598
11
67393706
67398077
11
67451977
67453126
11
67483560
67484960
11
67503431
67507178
11
67542119
67543304
11
67584317
67589421
11
67592965
67594824
11
67596292
67599803
11
67642003
67643392
11
67659013
67660917
11
67671072
67673284
11
67707479
67708991
11
67737037
67745346
11
67763310
67767155
11
67773370
67775415
11
67809567
67810799
11
67836496
67838612
11
67844604
67845895
11
67850140
67853508
11
67909907
67911466
11
67930537
67933331
11
67950717
67952362
11
67969776
67970931
11
67973793
67974949
11
67978112
67980229
11
68022482
68023582
11
68027639
68032139
11
68056232
68057883
11
68100641
68101689
11
68195435
68198111
11
68200011
68202848
11
68213992
68217790
11
68245372
68249671
11
68255396
68257296
11
68305080
68311156
11
68339934
68343364
11
68347320
68349483
11
68361288
68363101
11
68409896
68411461
11
68413042
68414272
11
68417099
68418560
11
68509305
68510905
11
68572607
68576597
11
68622220
68623920
11
68633233
68634353
11
68637715
68643137
11
68652047
68653418
11
68667328
68670955
11
68687248
68688842
11
68717243
68720364
11
68745913
68747301
11
68800611
68803432
11
68815662
68816669
11
68822955
68825888
11
68837176
68839193
11
68855554
68866415
11
68873824
68880062
11
68887827
68893392
11
68896008
68897066
11
68901833
68909241
11
68911807
68924178
11
68926834
68939533
11
68941444
68944142
11
69067615
69073257
11
69141284
69142934
11
69155397
69164649
11
69181884
69188056
11
69212124
69229476
11
69234440
69236340
11
69238452
69239837
11
69309565
69311043
11
69336234
69338658
11
69346854
69348393
11
69358583
69365418
11
69374405
69376983
11
69404795
69406072
11
69417003
69423195
11
69438575
69440420
11
69447058
69453827
11
69474200
69476567
11
69477834
69479504
11
69496614
69500180
11
69509423
69512186
11
69517209
69518824
11
69573867
69575794
11
69580402
69583830
11
69616725
69621732
11
69636507
69639269
11
69641160
69655517
11
69661397
69665392
11
69695263
69697791
11
69712845
69715304
11
69716581
69720626
11
69729042
69740565
11
69747276
69760880
11
69779804
69785285
11
69792737
69799602
11
69806800
69810955
11
69813502
69827655
11
69833132
69834533
11
69836107
69844210
11
69858008
69861170
11
69919444
69920888
11
70028303
70032338
11
70042003
70045185
11
70050024
70058343
11
70071163
70073644
11
70118038
70120074
11
70170401
70171735
11
70224161
70227586
11
70244798
70250936
11
70254948
70256822
11
70272715
70284362
11
70335554
70337733
11
70355542
70358043
11
70377633
70381949
11
70395766
70397197
11
70423459
70427994
11
70429091
70430591
11
70432591
70433891
11
70461137
70477738
11
70488015
70490508
11
70500804
70505451
11
70516260
70519909
11
70533364
70535284
11
70544892
70547881
11
70570360
70573891
11
70579666
70581609
11
70588834
70590196
11
70600867
70603248
11
70658526
70663569
11
70713769
70715464
11
70725207
70726864
11
70727925
70730660
11
70744211
70745703
11
70776458
70780436
11
70794499
70802293
11
70812840
70816229
11
70817590
70825080
11
70833554
70835737
11
70849368
70850680
11
70976299
70977451
11
71046078
71047499
11
71079269
71080937
11
71114790
71116279
11
71277505
71279182
11
71294133
71295168
11
71402296
71403439
11
71464952
71467166
11
71564240
71570494
11
71593107
71595778
11
71843953
71847144
11
71863964
71869255
11
71891325
71893454
11
71947853
71954349
11
71978640
71980429
11
72012454
72014230
11
72043138
72044275
11
72066441
72069103
11
72122095
72123295
11
72129467
72131823
11
72222207
72229304
11
72302322
72308769
11
72422087
72430255
11
72465344
72468156
11
72505302
72507379
11
72512269
72513616
11
72529767
72531353
11
72610177
72614965
11
72618338
72619999
11
72724540
72727449
11
72735408
72739297
11
72775910
72781708
11
72788906
72791181
11
72794097
72795991
11
72832807
72837068
11
72844143
72845725
11
72848658
72850953
11
72858787
72860583
11
72862207
72866317
11
72902970
72904763
11
72951725
72954394
11
72955970
72957895
11
72964088
72965670
11
72972621
72978801
11
72993211
72998768
11
73014527
73016427
11
73041021
73042518
11
73057017
73059094
11
73090022
73092572
11
73120559
73122428
11
73142379
73149208
11
73157313
73160958
11
73170788
73171933
11
73543709
73545216
11
73595827
73600298
11
73782977
73784160
11
74170226
74171865
11
74279717
74281044
11
74336381
74342985
11
74397622
74399422
11
74403832
74407933
11
74426161
74428126
11
74434710
74437305
11
74443026
74445227
11
74452907
74457916
11
74463893
74467731
11
74498418
74500234
11
74504443
74508427
11
74536298
74539655
11
74543587
74545382
11
74547026
74548471
11
74558544
74565801
11
74598359
74604071
11
74629166
74631517
11
74644961
74653929
11
74655529
74661912
11
74663270
74667752
11
74673677
74675773
11
74711083
74718283
11
74740207
74743721
11
74757938
74761172
11
74779012
74780804
11
74787476
74791237
11
74842132
74843705
11
74885901
74888021
11
74889470
74891858
11
74958443
74960353
11
74963946
74968756
11
74971517
74995166
11
75009308
75014633
11
75050203
75051646
11
75074628
75075638
11
75266878
75268578
11
75272285
75278182
11
75282855
75285246
11
75298787
75303684
11
75318756
75320569
11
75324399
75328978
11
75331010
75334021
11
75347536
75349824
11
75354187
75355287
11
75372965
75374085
11
75375447
75377858
11
75383609
75385721
11
75402048
75408705
11
75423289
75424689
11
75438694
75442829
11
75446055
75448755
11
75464324
75474566
11
75488095
75489295
11
75494044
75498835
11
75546697
75552944
11
75562092
75566588
11
75578972
75581173
11
75582519
75588631
11
75608691
75616882
11
75624206
75625788
11
75631054
75632074
11
75658180
75662988
11
75732363
75734268
11
75745256
75746386
11
75757536
75758673
11
75761204
75762237
11
75779096
75786028
11
75792481
75793661
11
75796467
75798895
11
75814234
75817538
11
75839080
75846970
11
75852716
75854267
11
76010517
76012684
11
76014184
76019351
11
76031409
76035990
11
76058598
76061578
11
76074984
76076084
11
76119039
76121326
11
76163969
76166151
11
76171903
76173684
11
76210800
76216611
11
76255527
76258702
11
76261160
76264443
11
76272670
76274910
11
76279219
76282043
11
76304940
76313404
11
76330183
76332404
11
76385827
76389027
11
76417217
76420602
11
76428677
76430317
11
76475820
76477130
11
76481749
76483899
11
76488872
76491849
11
76496051
76498360
11
76508694
76511011
11
76520002
76521434
11
76529736
76531092
11
76582860
76584379
11
76591142
76592634
11
76611162
76613355
11
76617131
76618853
11
76656216
76664891
11
76685683
76687405
11
76738139
76742096
11
76761418
76763218
11
76796554
76799930
11
76811685
76822650
11
76844322
76847753
11
76892811
76894233
11
76944604
76946153
11
77004444
77006077
11
77028977
77034331
11
77083633
77085349
11
77105671
77107142
11
77109164
77112462
11
77150490
77153082
11
77162335
77167525
11
77170788
77174770
11
77274759
77277078
11
77278116
77283746
11
77285757
77297668
11
77300412
77314206
11
77321522
77332554
11
77500709
77505578
11
77578872
77583966
11
77620595
77622057
11
77647863
77649389
11
77659330
77661202
11
77670290
77671557
11
77723364
77725832
11
77728838
77734278
11
77735517
77737774
11
77746105
77749853
11
77753320
77754758
11
77796396
77802543
11
77847845
77850986
11
77852465
77857992
11
77859959
77861057
11
77910446
77911673
11
77929620
77933539
11
77951838
77957348
11
77968281
77970190
11
77971690
77974018
11
77977699
77984728
11
77992336
78001314
11
78004057
78007275
11
78072273
78073964
11
78076431
78079380
11
78090876
78092258
11
78143422
78147335
11
78156998
78159643
11
78186507
78187988
11
78197441
78203678
11
78222736
78224658
11
78271825
78274850
11
78279804
78286099
11
78302773
78307525
11
78311398
78316124
11
78320628
78323278
11
78326689
78330811
11
78336441
78338696
11
78349232
78351735
11
78364700
78367832
11
78381844
78384656
11
78408083
78409851
11
78448458
78449746
11
78508561
78516567
11
78643728
78645168
11
78651265
78655864
11
78701727
78703791
11
78710741
78712002
11
78739785
78743468
11
78753855
78756556
11
78804097
78805126
11
78814741
78816332
11
78838535
78846294
11
78847394
78849319
11
78870098
78872196
11
78904276
78905410
11
78940088
78942462
11
78960005
78963678
11
78978538
78981433
11
79059771
79063417
11
79066663
79073472
11
79154134
79157905
11
79161462
79163272
11
79198070
79200185
11
79210514
79213360
11
79238221
79239813
11
79249175
79252034
11
79255080
79256982
11
79268063
79269490
11
79334511
79335745
11
79393912
79397765
11
79405704
79410135
11
79470983
79480323
11
79496527
79504466
11
79519353
79523052
11
79524168
79531574
11
79542067
79548500
11
79579165
79581041
11
79603235
79607265
11
79775934
79777560
11
79788704
79791072
11
79804687
79810943
11
79812975
79815640
11
79850319
79855547
11
79862355
79864109
11
79894124
79898677
11
79906666
79909834
11
79928940
79930487
11
79949456
79951899
11
79954221
79955997
11
79969575
79976348
11
79980432
79982589
11
80019848
80030137
11
80036350
80038639
11
80046414
80047564
11
80050223
80051455
11
80054750
80056429
11
80068407
80069907
11
80072831
80077330
11
80086171
80087883
11
80112447
80118761
11
80170119
80172623
11
80175448
80177566
11
80189913
80194435
11
80197293
80202157
11
80208699
80210834
11
80218694
80220585
11
80223313
80225519
11
80243407
80250353
11
80253300
80257349
11
80273758
80277526
11
80287927
80299335
11
80353686
80356145
11
80360674
80363349
11
80372542
80373802
11
80492588
80494051
11
80592617
80598877
11
80623684
80630318
11
80648932
80652790
11
80761377
80762701
11
80839721
80841801
11
80966116
80971416
11
81043235
81045262
11
81115073
81116529
11
81119317
81120933
11
81178617
81180265
11
81213588
81215507
11
81243072
81245583
11
81370172
81371857
11
81385659
81390597
11
81428991
81430325
11
81568859
81570243
11
81616121
81617157
11
81703439
81704639
11
81718779
81721043
11
81735489
81736537
11
81738493
81739857
11
81812174
81814117
11
81868622
81872127
11
81936130
81938819
11
82012119
82013650
11
82025614
82026784
11
82032141
82033438
11
82041141
82043641
11
82045409
82046897
11
82053907
82056292
11
82082096
82083854
11
82114391
82115520
11
82202440
82209532
11
82246437
82252208
11
82371666
82372729
11
82434680
82438006
11
82452648
82454996
11
82588303
82589575
11
82593938
82600044
11
82630693
82632420
11
82637316
82638447
11
82664680
82666402
11
82682869
82688927
11
82702558
82704199
11
82723549
82726381
11
82744883
82750234
11
82762910
82764765
11
82773439
82775301
11
82787071
82789690
11
82803613
82804813
11
82818881
82822899
11
82835012
82837124
11
82843647
82846425
11
82893799
82895909
11
82942832
82944835
11
82954341
82956519
11
82966029
82968206
11
82977284
82979876
11
82985814
82987916
11
83074422
83076723
11
83086567
83088489
11
83114042
83116055
11
83118157
83119974
11
83131406
83133460
11
83139425
83145452
11
83147951
83149251
11
83175284
83177038
11
83179299
83184347
11
83189244
83191413
11
83218080
83219830
11
83221841
83237816
11
83241236
83245884
11
83251094
83253704
11
83254719
83261964
11
83274002
83280242
11
83288224
83291268
11
83365234
83366864
11
83390378
83391916
11
83487106
83488406
11
83513662
83516920
11
83568456
83570691
11
83586578
83589220
11
83591212
83593071
11
83613616
83615915
11
83664306
83667011
11
83713385
83714606
11
83772576
83775204
11
83776990
83784899
11
83826041
83827515
11
83863221
83864830
11
83875693
83876695
11
83882080
83884433
11
83896800
83900179
11
83908016
83909857
11
83939605
83947813
11
83990862
83997483
11
84005262
84009238
11
84014596
84017707
11
84061015
84064331
11
84110066
84111596
11
84172113
84174682
11
84193398
84195063
11
84234311
84237762
11
84280105
84281375
11
84326484
84331638
11
84336355
84343391
11
84448248
84450829
11
84453700
84455585
11
84457285
84461379
11
84510125
84511949
11
84525620
84528049
11
84566183
84567452
11
84576644
84581472
11
84584837
84585860
11
84630144
84636129
11
84644173
84646060
11
84684322
84691042
11
84692622
84697364
11
84698502
84709547
11
84731582
84735552
11
84772703
84779417
11
84829643
84830827
11
84925600
84930727
11
84952212
84957152
11
85011960
85014680
11
85030951
85037298
11
85048616
85053580
11
85096811
85098798
11
85126256
85128699
11
85200038
85204778
11
85206969
85209637
11
85211102
85212502
11
85218133
85220133
11
85225736
85229067
11
85235588
85236999
11
85238650
85240329
11
85273427
85275133
11
85299663
85303034
11
85325821
85328890
11
85385620
85387269
11
85444160
85446566
11
85500451
85501868
11
85528435
85532972
11
85568761
85571096
11
85588733
85590321
11
85628470
85635642
11
85642404
85662505
11
85691172
85697351
11
85705386
85713996
11
85717456
85718916
11
85732208
85735322
11
85803605
85804769
11
85823977
85826045
11
85835931
85837018
11
85897279
85898593
11
85919605
85920771
11
85927416
85929261
11
85954685
85956393
11
86004050
86006636
11
86016004
86017964
11
86065573
86070247
11
86078626
86082572
11
86096579
86098390
11
86165694
86178674
11
86249711
86252599
11
86299887
86307316
11
86358969
86363646
11
86381813
86383623
11
86385458
86387917
11
86406385
86409462
11
86439815
86442024
11
86498265
86500626
11
86541973
86544538
11
86552961
86554371
11
86572508
86577539
11
86620187
86627222
11
86644645
86647822
11
86676688
86679012
11
86722722
86723769
11
86735271
86736324
11
86753304
86756784
11
86763865
86765836
11
86787485
86788885
11
86805794
86814299
11
86888368
86891319
11
86901217
86907515
11
86929482
86934996
11
86940652
86949634
11
87022219
87024524
11
87141455
87144125
11
87170847
87176718
11
87216615
87221709
11
87237756
87239827
11
87243903
87245149
11
87258041
87265446
11
87277505
87280342
11
87286871
87289480
11
87332223
87333259
11
87354623
87356107
11
87389115
87391254
11
87397279
87399985
11
87407300
87414331
11
87428743
87437755
11
87454614
87461209
11
87485953
87489041
11
87496344
87497526
11
87502055
87503448
11
87551459
87554547
11
87579319
87583475
11
87645440
87646734
11
87668871
87672621
11
87789153
87790696
11
87797277
87798761
11
87801044
87806090
11
87861263
87863494
11
87864694
87869310
11
87882258
87885779
11
87901105
87903078
11
87913336
87918572
11
87924410
87926506
11
87976458
87979456
11
87984204
87986199
11
87989396
87990794
11
88010034
88011234
11
88019087
88020684
11
88029973
88031785
11
88044324
88045354
11
88059948
88061167
11
88064563
88066655
11
88067781
88072476
11
88109210
88111635
11
88164754
88165925
11
88177294
88178547
11
88197463
88198963
11
88234741
88236262
11
88350402
88352660
11
88362921
88364476
11
88438520
88444134
11
88453481
88454581
11
88498225
88499305
11
88513675
88515009
11
88533591
88540386
11
88547543
88548691
11
88640995
88645240
11
88654577
88656480
11
88670225
88675056
11
88676562
88681657
11
88742373
88744143
11
88748035
88751083
11
88755337
88759014
11
88763737
88767057
11
88788701
88790662
11
88797794
88799500
11
88814610
88817648
11
88848327
88850048
11
88853967
88855167
11
88869648
88878791
11
88897050
88898610
11
88901372
88907046
11
88933610
88935430
11
88940525
88942929
11
88951527
88953057
11
88961155
88962470
11
88963599
88965086
11
88970930
88973695
11
88983168
88984203
11
89003596
89005021
11
89066095
89068735
11
89115077
89119187
11
89165927
89168086
11
89206626
89209384
11
89224026
89225151
11
89276612
89278174
11
89323175
89325589
11
89361607
89364130
11
89406464
89407557
11
89440133
89441153
11
89443380
89444880
11
89516913
89518412
11
89543003
89544103
11
89726990
89728314
11
89973013
89975075
11
89976162
89977539
11
89979250
89980301
11
90062911
90067381
11
90069571
90070695
11
90083320
90084820
11
90091737
90096486
11
90103342
90105454
11
90165628
90168099
11
90202502
90208836
11
90233096
90236228
11
90339517
90341918
11
90352152
90353710
11
90420402
90422103
11
90453136
90456691
11
90480454
90482584
11
90489872
90493943
11
90500372
90505968
11
90574801
90577274
11
90625254
90626326
11
90630208
90632793
11
90660372
90661428
11
90705557
90708847
11
90739610
90740710
11
90833571
90835650
11
90848954
90853543
11
90896885
90899653
11
90946078
90947465
11
91005757
91007555
11
91011323
91013618
11
91046496
91047996
11
91101337
91102517
11
91230866
91232744
11
91265770
91269811
11
91319848
91322359
11
91325139
91326477
11
91337938
91339647
11
91427262
91429164
11
91479301
91480605
11
91563422
91566022
11
91617090
91620819
11
91710935
91714502
11
91717098
91718873
11
91722923
91724942
11
91788282
91791609
11
91798382
91800194
11
91853429
91854729
11
91869356
91870608
11
91951861
91954064
11
91959519
91960763
11
91982160
91983397
11
92046984
92050083
11
92327863
92328929
11
92419269
92421012
11
92471876
92474749
11
92544772
92546865
11
92565191
92567489
11
92609840
92611581
11
92652689
92654102
11
92749414
92750608
11
92781163
92782703
11
92913190
92917274
11
92931453
92932807
11
92957275
92959884
11
92967658
92969696
11
92975926
92978698
11
92992797
92995780
11
93040570
93044619
11
93143904
93146202
11
93156586
93157942
11
93236211
93238158
11
93321283
93322492
11
93577903
93581975
11
93621751
93622903
11
93668051
93671227
11
93675280
93677664
11
93693517
93710801
11
93715937
93718872
11
93764374
93767251
11
93768496
93773460
11
93786343
93787858
11
93797101
93798513
11
93809848
93812181
11
93813482
93815702
11
93840362
93845714
11
93853002
93854985
11
93862061
93863200
11
93879456
93881033
11
93964843
93967914
11
93984748
93986205
11
93996698
93998249
11
94022315
94027191
11
94029137
94032703
11
94056085
94057785
11
94062348
94063748
11
94079090
94080209
11
94081383
94082642
11
94090469
94092569
11
94098645
94100698
11
94107646
94109979
11
94116728
94118359
11
94128659
94130485
11
94135849
94138640
11
94142584
94146289
11
94170237
94172953
11
94176251
94177896
11
94206829
94207860
11
94231697
94234113
11
94238208
94240708
11
94253420
94263101
11
94266640
94268060
11
94269754
94271152
11
94298889
94300389
11
94305717
94315733
11
94335487
94340379
11
94349566
94350655
11
94357833
94367161
11
94373055
94381899
11
94404645
94405956
11
94409442
94411491
11
94445507
94449536
11
94460999
94462863
11
94469486
94472252
11
94482997
94495509
11
94497783
94500599
11
94513695
94515248
11
94531078
94534552
11
94557924
94559024
11
94570333
94574998
11
94622095
94626009
11
94631865
94633234
11
94673163
94674207
11
94687377
94689392
11
94717946
94719309
11
94731849
94734266
11
94744643
94747766
11
94753086
94754687
11
94756517
94769815
11
94779340
94781616
11
94790251
94791259
11
94804602
94811648
11
94820042
94827168
11
94831938
94836307
11
94841252
94845910
11
94855874
94858800
11
94862482
94863938
11
94872759
94874259
11
94890823
94894714
11
94898842
94902125
11
94932461
94943393
11
94956488
94966717
11
94975832
94979039
11
94992156
94993953
11
95003198
95004298
11
95026878
95029547
11
95067450
95075882
11
95099231
95102580
11
95123453
95126681
11
95152491
95155224
11
95159714
95162902
11
95168772
95171678
11
95186774
95188455
11
95199680
95203053
11
95228551
95235964
11
95254142
95255528
11
95335770
95338629
11
95382770
95388522
11
95390823
95394723
11
95397440
95399592
11
95402393
95406608
11
95412781
95414181
11
95435699
95438846
11
95442165
95444224
11
95456145
95457245
11
95492384
95498033
11
95524568
95534145
11
95540356
95544052
11
95567271
95569994
11
95579527
95584280
11
95596153
95597155
11
95610106
95613714
11
95615998
95617366
11
95618641
95619925
11
95637142
95641860
11
95643455
95648038
11
95657030
95660055
11
95667680
95668832
11
95674299
95676134
11
95679476
95681354
11
95684127
95686071
11
95730569
95732080
11
95774243
95779502
11
95790004
95791121
11
95799843
95803473
11
95805009
95810623
11
95817193
95828137
11
95849867
95853772
11
95878444
95890819
11
95939029
95942634
11
95988212
95989512
11
96003864
96006963
11
96013880
96015127
11
96064689
96069241
11
96082019
96091453
11
96095036
96105553
11
96109250
96122856
11
96124256
96126287
11
96128263
96137884
11
96147503
96153551
11
96155451
96171158
11
96199163
96200349
11
96277227
96284949
11
96331965
96332967
11
96340909
96342987
11
96370619
96372619
11
96382767
96391291
11
96425121
96428105
11
96438056
96440288
11
96469326
96470612
11
96487383
96489582
11
96500566
96501713
11
96510513
96512713
11
96541391
96543806
11
96567707
96568865
11
96580934
96582812
11
96592091
96595312
11
96603058
96608925
11
96640327
96647316
11
96663192
96668212
11
96675127
96676429
11
96689235
96694382
11
96703153
96704524
11
96707804
96710798
11
96720701
96722547
11
96731026
96733356
11
96762830
96767160
11
96768803
96772072
11
96776652
96778352
11
96791393
96795702
11
96811992
96820288
11
96833418
96842176
11
96849516
96853627
11
96858126
96861490
11
96863029
96864929
11
96881687
96884534
11
96886655
96890793
11
96904753
96905898
11
96924424
96926442
11
96928370
96932304
11
96939895
96941095
11
96942131
96944033
11
96951651
96959411
11
96961211
96968703
11
96977866
96979274
11
96989207
96991484
11
97003600
97006358
11
97016292
97018376
11
97090412
97098363
11
97127133
97129078
11
97130873
97133415
11
97175690
97180681
11
97217917
97224526
11
97230708
97232996
11
97242032
97245936
11
97253758
97260432
11
97277172
97283313
11
97285542
97288004
11
97297534
97299546
11
97300691
97304679
11
97315032
97318394
11
97321159
97323191
11
97324825
97329730
11
97345083
97354303
11
97359768
97369167
11
97375011
97376653
11
97386708
97393598
11
97399642
97400745
11
97418467
97421256
11
97427870
97429530
11
97441014
97448086
11
97459156
97460189
11
97471514
97481931
11
97485840
97491009
11
97493010
97496716
11
97499359
97502952
11
97506259
97521105
11
97555934
97563579
11
97613434
97622004
11
97630475
97633772
11
97638605
97639705
11
97640900
97650865
11
97757976
97761157
11
97788797
97790398
11
97799740
97807284
11
97809043
97814444
11
97821122
97822194
11
97832431
97854404
11
97857587
97860178
11
97866223
97870217
11
97891948
97894072
11
97897569
97900071
11
97902241
97904524
11
97923002
97925075
11
97938095
97941442
11
97943055
97944690
11
97959795
97970893
11
97987019
97989494
11
98004837
98010610
11
98016003
98021052
11
98031084
98033170
11
98059002
98062221
11
98102076
98106600
11
98108630
98113773
11
98129754
98130876
11
98133217
98134952
11
98136305
98147959
11
98150470
98162790
11
98166639
98168337
11
98169762
98177601
11
98190324
98198595
11
98202500
98204722
11
98217285
98218365
11
98224866
98228048
11
98237401
98239010
11
98247515
98249847
11
98252789
98255865
11
98261398
98266896
11
98269130
98278304
11
98291339
98293176
11
98303019
98305237
11
98317664
98324279
11
98357128
98359072
11
98361331
98363728
11
98365766
98373742
11
98380291
98382671
11
98398793
98401093
11
98402193
98405769
11
98416546
98418902
11
98452893
98456451
11
98468282
98470795
11
98490604
98492281
11
98497746
98504423
11
98505948
98510907
11
98526390
98530739
11
98531911
98533163
11
98556840
98562012
11
98564014
98571253
11
98579333
98580551
11
98586393
98591138
11
98602688
98603715
11
98608350
98614203
11
98616044
98617744
11
98623047
98629995
11
98651662
98659053
11
98677806
98680676
11
98682013
98683852
11
98693012
98695484
11
98710473
98713169
11
98716044
98719101
11
98750254
98757276
11
98764986
98772705
11
98778915
98790996
11
98796251
98802490
11
98837441
98840195
11
98851078
98862319
11
98909412
98911251
11
98926517
98928120
11
98935064
98936820
11
98939931
98942204
11
98958531
98960342
11
98962726
98965982
11
98992937
98994558
11
98996285
98999235
11
99021540
99023577
11
99041914
99048254
11
99058420
99059724
11
99096942
99099155
11
99134250
99138046
11
99162764
99168967
11
99185164
99189921
11
99201442
99205530
11
99212059
99216104
11
99225963
99229355
11
99231574
99236247
11
99242232
99243536
11
99245554
99247876
11
99283163
99284749
11
99323110
99324539
11
99367771
99369117
11
99374563
99375963
11
99393470
99400115
11
99408383
99410597
11
99418337
99421642
11
99425774
99427885
11
99430140
99431991
11
99433792
99444981
11
99458940
99461363
11
99479064
99483583
11
99487116
99488152
11
99544719
99547116
11
99550759
99553157
11
99566583
99568307
11
99600760
99603074
11
99608321
99611944
11
99613597
99618013
11
99620844
99623443
11
99630469
99632896
11
99673185
99675332
11
99746663
99749318
11
99786901
99789095
11
99808250
99813786
11
99821027
99823434
11
99831459
99833462
11
99841580
99842680
11
99857408
99859706
11
99873951
99877238
11
99904498
99908602
11
99911936
99913236
11
99954611
99956629
11
99959729
99961725
11
99999144
100000925
11
100038412
100039770
11
100074296
100075438
11
100096454
100097906
11
100130590
100139208
11
100146583
100148795
11
100164283
100173137
11
100176722
100178323
11
100188191
100193219
11
100206121
100208270
11
100212682
100218983
11
100227783
100233204
11
100235001
100239940
11
100249970
100251007
11
100286732
100289032
11
100294738
100296309
11
100342863
100346237
11
100353799
100358335
11
100359452
100364828
11
100378611
100379796
11
100388983
100398120
11
100431460
100432782
11
100433916
100446167
11
100454055
100457659
11
100460412
100462277
11
100463903
100467688
11
100487931
100490956
11
100495081
100497012
11
100504522
100510131
11
100516207
100518058
11
100525897
100528434
11
100561886
100562986
11
100574795
100580770
11
100614789
100617223
11
100620779
100625447
11
100662871
100669454
11
100674423
100680872
11
100690335
100692786
11
100702301
100703401
11
100713178
100715079
11
100752072
100754408
11
100771051
100776767
11
100779643
100787682
11
100824830
100828758
11
100829785
100831150
11
100835667
100838872
11
100870866
100873372
11
100885511
100890349
11
100891724
100896002
11
100897144
100903385
11
100926284
100927734
11
100934695
100937595
11
100939156
100941037
11
100952014
100958319
11
100967066
100968601
11
100975858
100983968
11
100989317
100991491
11
101000989
101008159
11
101011046
101012644
11
101036559
101043182
11
101044828
101046657
11
101061294
101064173
11
101075169
101079400
11
101122052
101123410
11
101127697
101129136
11
101130579
101135772
11
101140204
101143263
11
101144979
101146784
11
101238814
101243375
11
101250247
101253412
11
101258166
101261722
11
101273444
101275396
11
101280914
101288763
11
101299292
101301229
11
101327322
101330673
11
101340491
101344408
11
101348821
101351414
11
101370186
101372575
11
101376690
101380972
11
101420295
101421453
11
101441679
101446588
11
101456686
101459743
11
101461214
101463667
11
101484512
101488078
11
101496176
101497424
11
101539578
101542002
11
101556381
101560926
11
101586004
101588104
11
101598423
101603807
11
101643499
101650669
11
101652596
101657386
11
101720598
101724058
11
101739685
101741959
11
101743024
101744230
11
101750620
101757085
11
101778376
101786320
11
101798071
101802928
11
101818161
101821195
11
101825476
101828188
11
101836165
101844072
11
101872285
101876285
11
101900384
101906813
11
101920363
101924171
11
101955089
101957352
11
101958366
101966179
11
101971018
101974041
11
101998775
102002679
11
102003934
102009751
11
102016462
102025547
11
102031750
102046763
11
102063442
102071795
11
102078940
102085244
11
102087825
102088877
11
102091078
102096229
11
102099766
102101164
11
102106724
102115982
11
102125460
102132598
11
102134309
102141543
11
102175752
102181326
11
102206630
102216757
11
102221774
102228133
11
102247394
102257353
11
102259697
102266514
11
102271378
102273836
11
102281442
102285199
11
102301068
102302236
11
102369342
102374559
11
102417381
102426079
11
102446935
102450060
11
102454882
102455887
11
102469816
102473080
11
102479810
102484720
11
102512182
102515120
11
102547177
102548682
11
102556128
102557577
11
102573915
102577861
11
102579261
102582072
11
102598652
102601129
11
102610859
102615823
11
102618741
102620313
11
102623917
102627450
11
102633389
102636979
11
102655967
102657635
11
102683211
102684511
11
102695577
102701047
11
102703347
102707184
11
102713405
102714829
11
102727560
102728885
11
102733930
102735532
11
102751291
102753431
11
102755626
102757286
11
102759139
102765548
11
102780505
102783699
11
102801582
102815007
11
102818454
102824305
11
102826266
102829605
11
102860775
102868886
11
102878992
102880528
11
102893434
102898310
11
102910813
102919445
11
102945976
102951639
11
102958893
102963764
11
102965386
102968165
11
102983769
102989557
11
102993338
102995663
11
103007926
103011502
11
103014301
103018593
11
103029776
103034868
11
103054397
103057543
11
103061020
103062903
11
103074201
103076535
11
103080198
103086787
11
103094407
103096229
11
103099677
103102166
11
103140694
103143382
11
103144871
103146597
11
103148014
103151243
11
103156060
103159496
11
103171583
103181814
11
103190828
103191868
11
103202037
103203677
11
103224981
103229381
11
103247273
103248577
11
103281675
103283485
11
103416180
103417686
11
103477623
103478806
11
103496757
103498971
11
103510629
103515180
11
103533391
103536560
11
103544191
103549717
11
103550800
103551931
11
103563919
103568370
11
103573342
103575048
11
103576625
103577780
11
103600434
103602844
11
103608097
103609264
11
103624309
103630694
11
103635894
103637005
11
103668120
103669809
11
103681010
103682706
11
103740271
103742649
11
103765202
103773212
11
103781896
103787267
11
103792655
103793669
11
103817047
103819200
11
103821123
103823995
11
103827035
103828530
11
103841187
103843976
11
103897610
103901968
11
103915721
103918524
11
103946226
103948250
11
103974664
103978328
11
103984365
103986200
11
103987404
103988592
11
103989841
103991041
11
104005989
104007489
11
104046520
104054386
11
104065202
104067710
11
104080395
104082470
11
104086980
104090560
11
104093303
104095170
11
104112119
104114801
11
104117769
104122167
11
104132714
104134849
11
104150857
104152557
11
104181220
104183363
11
104226008
104228380
11
104249847
104250947
11
104253620
104264500
11
104282704
104287676
11
104320684
104321884
11
104360457
104368664
11
104386505
104394602
11
104397533
104399234
11
104404486
104410437
11
104412134
104413901
11
104477651
104483104
11
104501567
104503288
11
104520723
104529775
11
104538945
104540482
11
104631257
104634558
11
104672812
104674083
11
104685337
104691407
11
104796969
104799649
11
104810276
104811707
11
104872918
104874439
11
104906688
104907803
11
104915954
104919436
11
104924844
104927007
11
104939003
104940829
11
104942993
104944514
11
104950415
104952822
11
104967742
104969349
11
104976989
104979576
11
104980795
104986443
11
104995706
105003461
11
105023597
105026859
11
105030651
105034431
11
105042309
105044363
11
105079181
105092418
11
105095898
105098635
11
105100819
105104002
11
105105226
105113727
11
105121741
105124482
11
105138751
105141396
11
105147445
105149511
11
105156863
105160348
11
105161422
105166012
11
105168951
105172012
11
105175842
105183518
11
105200053
105205396
11
105217924
105220384
11
105258597
105260230
11
105261348
105263706
11
105268746
105274368
11
105356724
105359266
11
105402594
105411966
11
105560975
105562157
11
105595702
105596872
11
105656659
105658239
11
105728360
105730888
11
105744513
105746094
11
105757403
105765563
11
105771730
105776017
11
105781896
105787294
11
105797979
105801545
11
105803160
105806634
11
105822411
105825025
11
105836110
105838190
11
105839598
105843981
11
105850190
105855217
11
105859206
105860489
11
105869138
105874046
11
105879871
105882814
11
105898296
105901555
11
105943791
105945768
11
105959876
105962449
11
105970711
105979315
11
106027075
106034150
11
106041209
106051428
11
106085558
106092311
11
106123142
106124999
11
106198860
106200722
11
106205864
106212540
11
106226548
106227861
11
106235564
106236959
11
106253904
106256904
11
106296486
106298817
11
106300525
106306566
11
106315875
106318499
11
106364579
106366052
11
106399204
106407867
11
106426899
106432176
11
106455600
106458461
11
106464787
106466261
11
106470043
106472686
11
106478742
106481755
11
106525038
106526147
11
106566161
106567937
11
106573288
106574332
11
106578142
106581532
11
106592938
106597575
11
106601475
106610375
11
106664498
106667018
11
106728558
106730379
11
106732912
106739516
11
106740846
106742693
11
106757098
106758635
11
106774835
106776363
11
106812348
106818483
11
106827494
106830949
11
106833456
106849550
11
106864526
106870048
11
106900514
106903314
11
106904533
106906997
11
106908231
106910622
11
106925587
106929478
11
106944127
106951892
11
106952924
106954621
11
106967051
106974238
11
106982714
106986369
11
106995822
107005514
11
107123996
107125269
11
107156600
107157890
11
107161206
107165887
11
107206139
107213359
11
107217961
107219057
11
107227819
107230799
11
107254926
107260344
11
107266079
107272012
11
107281209
107289565
11
107295121
107298654
11
107326836
107329312
11
107348219
107350343
11
107362107
107367724
11
107372641
107374747
11
107376392
107380197
11
107410722
107412260
11
107425722
107430334
11
107435849
107437133
11
107438501
107440266
11
107442210
107444860
11
107452883
107454769
11
107485289
107487115
11
107489622
107495557
11
107499055
107511522
11
107516114
107518324
11
107532038
107534845
11
107576960
107578559
11
107608005
107615559
11
107681600
107683632
11
107704391
107705872
11
107721680
107723405
11
107725833
107733913
11
107737977
107739520
11
107793302
107794906
11
107808809
107810564
11
107813641
107816683
11
107826871
107829781
11
107833965
107835145
11
107865755
107867645
11
107879019
107880710
11
107959899
107961208
11
108020800
108027532
11
108031775
108032784
11
108041737
108043798
11
108055366
108056566
11
108081343
108082587
11
108155368
108161443
11
108171171
108172703
11
108237160
108246010
11
108250226
108251770
11
108273969
108277642
11
108292210
108294834
11
108313855
108316648
11
108330696
108332977
11
108341673
108343173
11
108361103
108363191
11
108374716
108379524
11
108415160
108418680
11
108472029
108475319
11
108531004
108534085
11
108550686
108551827
11
108660634
108663731
11
108679226
108680372
11
108689363
108690706
11
108705035
108711758
11
108735707
108740423
11
108742623
108752603
11
108760236
108766097
11
108788128
108790769
11
108848156
108849277
11
108855728
108857431
11
108884105
108886401
11
108909975
108911516
11
108975343
108977121
11
108983876
108985847
11
108986931
108989622
11
109022271
109023290
11
109041546
109044258
11
109084623
109086011
11
109101986
109106819
11
109112965
109118639
11
109136346
109137578
11
109138743
109140312
11
109148763
109150447
11
109175532
109183497
11
109221908
109223851
11
109241758
109249067
11
109250457
109254276
11
109255690
109257654
11
109262024
109263923
11
109265123
109267640
11
109287330
109292222
11
109328021
109329984
11
109333015
109334115
11
109335955
109337896
11
109342010
109345805
11
109396826
109398700
11
109406475
109408826
11
109412162
109413310
11
109424924
109431757
11
109439520
109440558
11
109463142
109473193
11
109481174
109486679
11
109502877
109507040
11
109527948
109529216
11
109533863
109541302
11
109605892
109609905
11
109639684
109640980
11
109676141
109677823
11
109717538
109719393
11
109732523
109737412
11
109792684
109794807
11
109870152
109876447
11
109882936
109884974
11
109894607
109896919
11
109984626
109986081
11
109987653
109988919
11
109998163
109999403
11
110014028
110015406
11
110035952
110038207
11
110067430
110069904
11
110076294
110077485
11
110080255
110081455
11
110084031
110086114
11
110104370
110106007
11
110120733
110122783
11
110125886
110127817
11
110143079
110144569
11
110151668
110155616
11
110163229
110164529
11
110186655
110189436
11
110213317
110214641
11
110233554
110235557
11
110240171
110241312
11
110245420
110249859
11
110293671
110296273
11
110346926
110354745
11
110361050
110364035
11
110375622
110378050
11
110413743
110415135
11
110437219
110439390
11
110484493
110486790
11
110533078
110535145
11
110536844
110539305
11
110654781
110656362
11
110684508
110686276
11
110705813
110707539
11
110711874
110714089
11
110754592
110756553
11
110793655
110795354
11
110881293
110884658
11
110907121
110908235
11
110964611
110966011
11
110970647
110971720
11
111091819
111094344
11
111103078
111104478
11
111141177
111143742
11
111178164
111180241
11
111221809
111222909
11
111226585
111227826
11
111327630
111330763
11
111332886
111335370
11
111337987
111339996
11
111344690
111345895
11
111398412
111400570
11
111420861
111423977
11
111428724
111429824
11
111432805
111436977
11
111445142
111448989
11
111597101
111598503
11
111644966
111646366
11
111649248
111650363
11
111715944
111718388
11
111757240
111758567
11
111823046
111824747
11
111847052
111850125
11
111997451
111998820
11
112023089
112026885
11
112032262
112034380
11
112100465
112101820
11
112127357
112129550
11
112176334
112177685
11
112180908
112182076
11
112217442
112219455
11
112265543
112272263
11
112273930
112276279
11
112311835
112314939
11
112380318
112381790
11
112405193
112406760
11
112443931
112445706
11
112490851
112493096
11
112588884
112589923
11
112591330
112593571
11
112596139
112602153
11
112655399
112656523
11
112696120
112698100
11
112806483
112808575
11
112824306
112825806
11
112851788
112853971
11
112882413
112885188
11
112895527
112899303
11
112927770
112929383
11
112952699
112954493
11
112961120
112966594
11
112995767
112996913
11
113004181
113006107
11
113007744
113018101
11
113022042
113027654
11
113032708
113033728
11
113068839
113076634
11
113108275
113113541
11
113167643
113169471
11
113178223
113179774
11
113180923
113183433
11
113196607
113197608
11
113205620
113206984
11
113296954
113298554
11
113373738
113376825
11
113426285
113429676
11
113433613
113438390
11
113451530
113455772
11
113462906
113474503
11
113476949
113478687
11
113482347
113491116
11
113493974
113502997
11
113513240
113514259
11
113564776
113568377
11
113592695
113597236
11
113598433
113600665
11
113610341
113612051
11
113613075
113614453
11
113625620
113628349
11
113644503
113648209
11
113650921
113656060
11
113684781
113686336
11
113687579
113689134
11
113696677
113698313
11
113707519
113709482
11
113878335
113887277
11
113957930
113959096
11
113988266
113989419
11
114001973
114003896
11
114055766
114059139
11
114150693
114153147
11
114170642
114173534
11
114178326
114180534
11
114193901
114195523
11
114213842
114215687
11
114218785
114221299
11
114242327
114243585
11
114325904
114329067
11
114330902
114332339
11
114338969
114340224
11
114450987
114456239
11
114483115
114494006
11
114538946
114540109
11
114573171
114576247
11
114582384
114583784
11
114596108
114599389
11
114601251
114615510
11
114622630
114623764
11
114629240
114632030
11
114653123
114654219
11
114662877
114672270
11
114682584
114686326
11
114822886
114824516
11
114826425
114830181
11
114831445
114835524
11
114836914
114840893
11
114842150
114845591
11
114847572
114848972
11
114852907
114856884
11
114858221
114859521
11
114873622
114875938
11
114925464
114928203
11
114930949
114931977
11
114954759
114958139
11
114971317
114972417
11
114979765
114984350
11
114992442
114995553
11
115001082
115005446
11
115052183
115053283
11
115060110
115068775
11
115071949
115087262
11
115090054
115095633
11
115097658
115099046
11
115103132
115106064
11
115108142
115109664
11
115111815
115115905
11
115127684
115129320
11
115131550
115145510
11
115146853
115153914
11
115155475
115157051
11
115165998
115167098
11
115169891
115173838
11
115180096
115185263
11
115197605
115202705
11
115205360
115207050
11
115209830
115211564
11
115227194
115240524
11
115250303
115253000
11
115257969
115259151
11
115261678
115262927
11
115274266
115276299
11
115279603
115281106
11
115287387
115289561
11
115293767
115295242
11
115298982
115301683
11
115303782
115309322
11
115310395
115312526
11
115313752
115314991
11
115327742
115330849
11
115342739
115353682
11
115379757
115390215
11
115402687
115405049
11
115413990
115432679
11
115436385
115439087
11
115458472
115461347
11
115468204
115469795
11
115479927
115481603
11
115491762
115493546
11
115497345
115499032
11
115522345
115526357
11
115562350
115564230
11
115599383
115600877
11
115610981
115613886
11
115620717
115623768
11
115626871
115627995
11
115629695
115632363
11
115637077
115643495
11
115646568
115654163
11
115657921
115662198
11
115665222
115669099
11
115672818
115675351
11
115677312
115679940
11
115691676
115694612
11
115696492
115702926
11
115713422
115720432
11
115721932
115723332
11
115725657
115729705
11
115733023
115734234
11
115765338
115767838
11
115770342
115777531
11
115778843
115784146
11
115788374
115794038
11
115804675
115808182
11
115818718
115829597
11
115838375
115841166
11
115843427
115847912
11
115853533
115855797
11
115862680
115865227
11
115866865
115867938
11
115870067
115877874
11
115881685
115886645
11
115887686
115890501
11
115899277
115902621
11
115917280
115920710
11
115923505
115929465
11
115944105
115951355
11
115953666
115959229
11
115997083
116000361
11
116009109
116016575
11
116047982
116056416
11
116085390
116091627
11
116096370
116101843
11
116113336
116117726
11
116120967
116125000
11
116147834
116149713
11
116157064
116158980
11
116202919
116205361
11
116226788
116230941
11
116239737
116241127
11
116246679
116259174
11
116260629
116263170
11
116269721
116274435
11
116302981
116308762
11
116314565
116316096
11
116344767
116353511
11
116355512
116360539
11
116368883
116371422
11
116377862
116379531
11
116383878
116387015
11
116393861
116397714
11
116405022
116406476
11
116417678
116423144
11
116433980
116445411
11
116459076
116461908
11
116465893
116472578
11
116491355
116492928
11
116509676
116512756
11
116552946
116557042
11
116566447
116569137
11
116573462
116575394
11
116619001
116620197
11
116624072
116632435
11
116641913
116645912
11
116655729
116675080
11
116689301
116691258
11
116713021
116716994
11
116719562
116722801
11
116731800
116740513
11
116799740
116801948
11
116809788
116811689
11
116832442
116833668
11
116852352
116853605
11
116865927
116867477
11
116876547
116878934
11
116882672
116887050
11
116891547
116893505
11
116894824
116896308
11
116927384
116935276
11
116950437
116957071
11
116967678
116974934
11
116986645
116990481
11
116992459
116993989
11
116998744
116999926
11
117010297
117015495
