Chromosome
Start
End
11
56621631
56625972
11
56663947
56665806
11
56688803
56689863
11
56763337
56765260
11
56771549
56772916
11
56774520
56775751
11
56795804
56797711
11
56817332
56819057
11
56857235
56861331
11
56873578
56875355
11
56977770
56984872
11
56986727
56988535
11
57001194
57003429
11
57085127
57087062
11
57091952
57094273
11
57108271
57110298
11
57125435
57129143
11
57141909
57144340
11
57207334
57208886
11
57247619
57250440
11
57281868
57284328
11
57299479
57300500
11
57308575
57309756
11
57317606
57319227
11
57322429
57324147
11
57328282
57329812
11
57335089
57336689
11
57338758
57342367
11
57346698
57355165
11
57362505
57363605
11
57365234
57370242
11
57399041
57400060
11
57429590
57431999
11
57446908
57449296
11
57464600
57478369
11
57483946
57487411
11
57497822
57499228
11
57504979
57511274
11
57532044
57533519
11
57535418
57538526
11
57545583
57548418
11
57556700
57559235
11
57566485
57568631
11
57571416
57572985
11
57580931
57585176
11
57592407
57598273
11
57600420
57603660
11
57606167
57607935
11
57609666
57612599
11
57615819
57623107
11
57626760
57628605
11
57630008
57631700
11
57634981
57637242
11
57641670
57648432
11
57650669
57659663
11
57685003
57687735
11
57710302
57712689
11
57725973
57729288
11
57733834
57736117
11
57778212
57779917
11
57786436
57787671
11
57794404
57800093
11
57822722
57829595
11
57831055
57834213
11
57837344
57838646
11
57840153
57852355
11
57856926
57874807
11
57875932
57882331
11
57897653
57899508
11
57904805
57909472
11
57911999
57915124
11
57918829
57921656
11
57928678
57930496
11
57932519
57943290
11
57947958
57948973
11
57968291
57969958
11
57976786
57978800
11
57983741
57986566
11
57992580
57995651
11
58008763
58017573
11
58045307
58050022
11
58054353
58055404
11
58117939
58119538
11
58121897
58124308
11
58129920
58135738
11
58138227
58141193
11
58154673
58158433
11
58164963
58167981
11
58170299
58171762
11
58176236
58178700
11
58192976
58195009
11
58237081
58238785
11
58258213
58260185
11
58346905
58349591
11
58394170
58396370
11
58437443
58439660
11
58454679
58459533
11
58466600
58468118
11
58504199
58505399
11
58514420
58517020
11
58568048
58571605
11
58599847
58603272
11
58618430
58619776
11
58663301
58666101
11
58687489
58690750
11
58694363
58696916
11
58706852
58707992
11
58718771
58721456
11
58730755
58732109
11
58743864
58747112
11
58748812
58750212
11
58751665
58755627
11
58759081
58760263
11
58763436
58768147
11
58769778
58773979
11
58777188
58781586
11
58786048
58787357
11
58794057
58795631
11
58798580
58803471
11
58806442
58810574
11
58812274
58834639
11
58839304
58848870
11
58850770
58851827
11
58856752
58864646
11
58869020
58873020
11
58876826
58881349
11
58901523
58904914
11
58922669
58924070
11
58931478
58933073
11
58945702
58946902
11
58951028
58954084
11
58955484
58958577
11
58971134
58972882
11
58974433
58980321
11
58990765
58994076
11
59000615
59010061
11
59024914
59030925
11
59039861
59048080
11
59053084
59055704
11
59058801
59061281
11
59065132
59067037
11
59078923
59082559
11
59103913
59110938
11
59112052
59113142
11
59120087
59126057
11
59127314
59132752
11
59145819
59151386
11
59159347
59160947
11
59187686
59191077
11
59198756
59200425
11
59208605
59210131
11
59212564
59213964
11
59222280
59225580
11
59244467
59245514
11
59258373
59259805
11
59264047
59268260
11
59303448
59305267
11
59309184
59312208
11
59319816
59321477
11
59322692
59334768
11
59341844
59344296
11
59369300
59371745
11
59378834
59380385
11
59391645
59393618
11
59420970
59423007
11
59428537
59430337
11
59443037
59444540
11
59447092
59448192
11
59457990
59460346
11
59470599
59481032
11
59485927
59489087
11
59519181
59525839
11
59529671
59535595
11
59546356
59556193
11
59558051
59562527
11
59575672
59577019
11
59585798
59594480
11
59600902
59603952
11
59608640
59613723
11
59622469
59624192
11
59625536
59627836
11
59628970
59639197
11
59641238
59643157
11
59654895
59665052
11
59675231
59679522
11
59690944
59693044
11
59709385
59717373
11
59744280
59747609
11
59752691
59754204
11
59762785
59766221
11
59768874
59771067
11
59772523
59781726
11
59792359
59794506
11
59798407
59800407
11
59811763
59816514
11
59828140
59829237
11
59833683
59835991
11
59845798
59850634
11
59861572
59866053
11
59874226
59878688
11
59899014
59900666
11
59905141
59909543
11
59921526
59926841
11
59929975
59934019
11
59943532
59945647
11
59951888
59957622
11
59972356
59977475
11
59985321
59986421
11
59992856
59997098
11
59998395
60001906
11
60004006
60007335
11
60011615
60029229
11
60030861
60045744
11
60047444
60053875
11
60060847
60063655
11
60095663
60098688
11
60123403
60125893
11
60135856
60138737
11
60167457
60172474
11
60176781
60182689
11
60183893
60185559
11
60215638
60218975
11
60223089
60227503
11
60258038
60260227
11
60265281
60266945
11
60274653
60286416
11
60295285
60300286
11
60307672
60309444
11
60311789
60314914
11
60317924
60321505
11
60325068
60327335
11
60352015
60359212
11
60362719
60367856
11
60369185
60372185
11
60390343
60392463
11
60404994
60406091
11
60455137
60456232
11
60483910
60488038
11
60498057
60500457
11
60506269
60507273
11
60514048
60525706
11
60528030
60532713
11
60537730
60539866
11
60543498
60553049
11
60556280
60573784
11
60591535
60598197
11
60607359
60611279
11
60626252
60628188
11
60638061
60640154
11
60666883
60674693
11
60679816
60685393
11
60689851
60696231
11
60705912
60707879
11
60721668
60734771
11
60741591
60744990
11
60746186
60751730
11
60754580
60756010
11
60758689
60760544
11
60762190
60765878
11
60767731
60771930
11
60785676
60788013
11
60793088
60798433
11
60805307
60807507
11
60815220
60821099
11
60831404
60835207
11
60839173
60848927
11
60854282
60860268
11
60877030
60879523
11
60881038
60882997
11
60885617
60888355
11
60905938
60907638
11
60915775
60917727
11
60920189
60921333
11
60946685
60947706
11
60966341
60975854
11
60982218
60987881
11
61000075
61001754
11
61006899
61008250
11
61026340
61028290
11
61029590
61031690
11
61033039
61035319
11
61061736
61063002
11
61064702
61066614
11
61080084
61083273
11
61102109
61103927
11
61110390
61111989
11
61157187
61159714
11
61161808
61164648
11
61178621
61179928
11
61192584
61194363
11
61215639
61220011
11
61223443
61230115
11
61232093
61235266
11
61253458
61254599
11
61257251
61260877
11
61263879
61267679
11
61278784
61282894
11
61301407
61310781
11
61321751
61322951
11
61327430
61329130
11
61339120
61340387
11
61342898
61351223
11
61352523
61355740
11
61360585
61364798
11
61379079
61385932
11
61395614
61396682
11
61436360
61437571
11
61444864
61446030
11
61462727
61464641
11
61479263
61484523
11
61486221
61489111
11
61492711
61495029
11
61498559
61506488
11
61507546
61527935
11
61531073
61532502
11
61540688
61544799
11
61557516
61562056
11
61649621
61653381
11
61668733
61673382
11
61737949
61741174
11
61744834
61748049
11
61761134
61763004
11
61765569
61768118
11
61772755
61776143
11
61787382
61790683
11
61799881
61801288
11
61819710
61824307
11
61828212
61829537
11
61837512
61841523
11
61893932
61896820
11
61906407
61908025
11
61940003
61943508
11
61945060
61947040
11
61976123
61977942
11
62035395
62041043
11
62060311
62062736
11
62064046
62069691
11
62070957
62076842
11
62080186
62081959
11
62089752
62093394
11
62095126
62101178
11
62106635
62108060
11
62131934
62136346
11
62142025
62146115
11
62156350
62157355
11
62270984
62277767
11
62307576
62310908
11
62328526
62330666
11
62340365
62342247
11
62353168
62357706
11
62364844
62370669
11
62374533
62377898
11
62407034
62410364
11
62417206
62423509
11
62428650
62431113
11
62435560
62440731
11
62453983
62455736
11
62459035
62464253
11
62479428
62480605
11
62485522
62487049
11
62527285
62529732
11
62547157
62548557
11
62557527
62568778
11
62571801
62572942
11
62622669
62628222
11
62633216
62634532
11
62645122
62646967
11
62668504
62670769
11
62696688
62699001
11
62722328
62728892
11
62769905
62772370
11
62797846
62801251
11
62810118
62813674
11
62902431
62905004
11
62907534
62910015
11
62918484
62920638
11
62933348
62934747
11
62937305
62938861
11
62944099
62953433
11
62958450
62961925
11
62963318
62967035
11
62968827
62971016
11
62973471
62976471
11
62996333
62999033
11
63017312
63018396
11
63060586
63064098
11
63080772
63082385
11
63092483
63093861
11
63097634
63099681
11
63128292
63129492
11
63142543
63144952
11
63224675
63226441
11
63229358
63231803
11
63269987
63271987
11
63298297
63299712
11
63302942
63303983
11
63418793
63420247
11
63433100
63436199
11
63439484
63440927
11
63453812
63455379
11
63474160
63475960
11
63506329
63507643
11
63537943
63538962
11
63549327
63550390
11
63567015
63574500
11
63589262
63591174
11
63597938
63601764
11
63650192
63652485
11
63712049
63716582
11
63720823
63722958
11
63724407
63728046
11
63730446
63734350
11
63735686
63745938
11
63768773
63770630
11
63777205
63780187
11
63782177
63786002
11
63788615
63793692
11
63799028
63803073
11
63815596
63817196
11
63834751
63835951
11
63838049
63842608
11
63847607
63850303
11
63871526
63873915
11
63890628
63891803
11
63916742
63917844
11
63963480
63965306
11
63968198
63969730
11
64060534
64061796
11
64101634
64102984
11
64111748
64115058
11
64161337
64162671
11
64184136
64185408
11
64187498
64188798
11
64205455
64206630
11
64233210
64234310
11
64258592
64259645
11
64279720
64281820
11
64284085
64285785
11
64287279
64290093
11
64292821
64294346
11
64295629
64297906
11
64349797
64352109
11
64401628
64405362
11
64487481
64488515
11
64536499
64540265
11
64643536
64645616
11
64694753
64697309
11
64702717
64704462
11
64744058
64748626
11
64790885
64803215
11
64815346
64822267
11
64826745
64830560
11
64869534
64871371
11
64883687
64886452
11
64909349
64914293
11
64915854
64918800
11
64940705
64944852
11
64964062
64965097
11
64973603
64976775
11
64979175
64980530
11
65001335
65003219
11
65024419
65027732
11
65034512
65036420
11
65041485
65043675
11
65084411
65089135
11
65163068
65164259
11
65242070
65246709
11
65305978
65307478
11
65353717
65357555
11
65406992
65409872
11
65502771
65505107
11
65515286
65517140
11
65539750
65541618
11
65549220
65553564
11
65602548
65606396
11
65622369
65624489
11
65646765
65649079
11
65670302
65671892
11
65762710
65764770
11
65799234
65800568
11
65851622
65855012
11
65862440
65863570
11
65924713
65926956
11
65937402
65939051
11
66054777
66058546
11
66062370
66063878
11
66076605
66078405
11
66091709
66094755
11
66175296
66179557
11
66213742
66216706
11
66249029
66250385
11
66328177
66330286
11
66335569
66344259
11
66351127
66354531
11
66382522
66384739
11
66450647
66452039
11
66538110
66543623
11
66566910
66568803
11
66586754
66588748
11
66617258
66618695
11
66720073
66724477
11
66730699
66733740
11
66781984
66786099
11
66798970
66800824
11
66807022
66809085
11
66829629
66830857
11
66840327
66842362
11
66844214
66845297
11
66853764
66856361
11
66867748
66869148
11
66892702
66893966
11
66915009
66919619
11
66928974
66930081
11
66939445
66941147
11
66959835
66962064
11
66968190
66970497
11
66978610
66980170
11
67017997
67023558
11
67031099
67032546
11
67050634
67052795
11
67069536
67070636
11
67071638
67072838
11
67108329
67109429
11
67182432
67187761
11
67189632
67190956
11
67215237
67217561
11
67219744
67220795
11
67245976
67248084
11
67269167
67271261
11
67284169
67285543
11
67334595
67340332
11
67354919
67358340
11
67360728
67362246
11
67395192
67400228
11
67407006
67408024
11
67451759
67453326
11
67468853
67471321
11
67474439
67475443
11
67496500
67499541
11
67500841
67506831
11
67521273
67522537
11
67542119
67544217
11
67560676
67561956
11
67582961
67587051
11
67589521
67591950
11
67610543
67612731
11
67614686
67618472
11
67628802
67632369
11
67634830
67639978
11
67642103
67643392
11
67671172
67677591
11
67706782
67708991
11
67725797
67727103
11
67737237
67745704
11
67793938
67795256
11
67831345
67832723
11
67838008
67839664
11
67872771
67875778
11
67929241
67933331
11
67937709
67938872
11
67943758
67949572
11
67950717
67952862
11
67964677
67969676
11
68002027
68011878
11
68013736
68043864
11
68049920
68058560
11
68061409
68062651
11
68064671
68067481
11
68074979
68079480
11
68091667
68093994
11
68101041
68102189
11
68115831
68118997
11
68144430
68145481
11
68147093
68150658
11
68154868
68157064
11
68188414
68191558
11
68195635
68198211
11
68200297
68202548
11
68204760
68207271
11
68210490
68217890
11
68245372
68247966
11
68261666
68268550
11
68286146
68294222
11
68299746
68305180
11
68308710
68311156
11
68315188
68318173
11
68370348
68371899
11
68376315
68380069
11
68391861
68392960
11
68410241
68414172
11
68417199
68418560
11
68489246
68493010
11
68505575
68507305
11
68509505
68511530
11
68532555
68536294
11
68556251
68558927
11
68578029
68581351
11
68590782
68593925
11
68621387
68626629
11
68630333
68639931
11
68651822
68653130
11
68667228
68670855
11
68687248
68689042
11
68717243
68720464
11
68736268
68739035
11
68745747
68747301
11
68763709
68764714
11
68768380
68770852
11
68782699
68784096
11
68787412
68788528
11
68795379
68796708
11
68800611
68803197
11
68804714
68809995
11
68822955
68825888
11
68849485
68864879
11
68874813
68881345
11
68886327
68893392
11
68900876
68903378
11
68905353
68909241
11
68910415
68919567
11
68921467
68929678
11
68931759
68937285
11
68940176
68944642
11
68947081
68952932
11
68973288
68974388
11
68978233
68981129
11
68984173
68986771
11
69044857
69048595
11
69051145
69052397
11
69080820
69082350
11
69083924
69085724
11
69134938
69137178
11
69140184
69146924
11
69155397
69160238
11
69178273
69179443
11
69182484
69184786
11
69202757
69206310
11
69211224
69220517
11
69222931
69225166
11
69228019
69230576
11
69233840
69236552
11
69237952
69243784
11
69249108
69250703
11
69251844
69253787
11
69268503
69270043
11
69291653
69294190
11
69308873
69310412
11
69316589
69319087
11
69336234
69337999
11
69362945
69365318
11
69368315
69369652
11
69380959
69382277
11
69393198
69401147
11
69402597
69408656
11
69417407
69422745
11
69438675
69440420
11
69449607
69450642
11
69466629
69475511
11
69477834
69480304
11
69482938
69487785
11
69496614
69500180
11
69509423
69511645
11
69521288
69527522
11
69552151
69554552
11
69558625
69561962
11
69573767
69576833
11
69580402
69582468
11
69588414
69593973
11
69600108
69602084
11
69618325
69621632
11
69636307
69638107
11
69641719
69644892
11
69650971
69652522
11
69655017
69656771
11
69661397
69662678
11
69668167
69669283
11
69691799
69703829
11
69712845
69714704
11
69716014
69720826
11
69730342
69737043
11
69748975
69757437
11
69759501
69763544
11
69781134
69787491
11
69789703
69800730
11
69806700
69809379
11
69813502
69814902
11
69818509
69831604
11
69833132
69835007
11
69838757
69844110
11
69855394
69856992
11
69860070
69861170
11
69872541
69875325
11
69885139
69886909
11
69920288
69922119
11
69951906
69954647
11
69981613
69984864
11
70017825
70019694
11
70028103
70031738
11
70033169
70045085
11
70051886
70059243
11
70060349
70062977
11
70071663
70073146
11
70082180
70083588
11
70100565
70101634
11
70107780
70108980
11
70118338
70120074
11
70160511
70163266
11
70170401
70171735
11
70175796
70177068
11
70191770
70195143
11
70225861
70227586
11
70242160
70243241
11
70245298
70257122
11
70272915
70275566
11
70277921
70281766
11
70302192
70305991
11
70325318
70331695
11
70340904
70344329
11
70355542
70357325
11
70377533
70379182
11
70392576
70394567
11
70399428
70402946
11
70420420
70422314
11
70425759
70427994
11
70432591
70435244
11
70459260
70465568
11
70467468
70475454
11
70477838
70479638
11
70500216
70505871
11
70516060
70522286
11
70533162
70536166
11
70539271
70542321
11
70545192
70546810
11
70549441
70551573
11
70554066
70555168
11
70572544
70573891
11
70589834
70591131
11
70592224
70593784
11
70599645
70603248
11
70610397
70611433
11
70621963
70623235
11
70658526
70663569
11
70713669
70716052
11
70755790
70758068
11
70768102
70769370
11
70786149
70802493
11
70809898
70811598
11
70812660
70816452
11
70821827
70824580
11
70828531
70829557
11
70833654
70836237
11
70846785
70847868
11
70849468
70851527
11
70872440
70874150
11
70907595
70909858
11
70976099
70978583
11
71123787
71125839
11
71161608
71163249
11
71173267
71175685
11
71185697
71186748
11
71206010
71207834
11
71223435
71225321
11
71251092
71256136
11
71313743
71315143
11
71316663
71321546
11
71334768
71336462
11
71367538
71370049
11
71452443
71453841
11
71463878
71467566
11
71564572
71569498
11
71574181
71577042
11
71591222
71592603
11
71597170
71600271
11
71604099
71607383
11
71648173
71649746
11
71789733
71792322
11
71811795
71813992
11
71825518
71830197
11
71839912
71849845
11
71858782
71868364
11
71879192
71890754
11
71893454
71900887
11
71903922
71906480
11
71933231
71938107
11
71944173
71946524
11
71950812
71956198
11
71960680
71962347
11
71968037
71969712
11
71974348
71976764
11
71978640
71981526
11
72055327
72057754
11
72059354
72061925
11
72066441
72069603
11
72073373
72075773
11
72082091
72084191
11
72116233
72119298
11
72121341
72124405
11
72132706
72136395
11
72170482
72173744
11
72177446
72179079
11
72187230
72189038
11
72211666
72218076
11
72219576
72221432
11
72222956
72230104
11
72233945
72236240
11
72252121
72255022
11
72258237
72273116
11
72300294
72301722
11
72303882
72308769
11
72310767
72313980
11
72329955
72331517
11
72352097
72354374
11
72374004
72375117
11
72388691
72390058
11
72422087
72423512
11
72466776
72471563
11
72484392
72487394
11
72494581
72496388
11
72499307
72503762
11
72505102
72507879
11
72572212
72573312
11
72594313
72596121
11
72610547
72614259
11
72647387
72650318
11
72685535
72686579
11
72696931
72698150
11
72713318
72714931
11
72732676
72733859
11
72735622
72741058
11
72767439
72771040
11
72779696
72784677
11
72786839
72788306
11
72797782
72799721
11
72824208
72825717
11
72828528
72831595
11
72835087
72836489
11
72848758
72849929
11
72864220
72865617
11
72894378
72897091
11
72911098
72915193
11
72951725
72954994
11
72960595
72961804
11
72972621
72977482
11
72982716
72985417
11
72993511
72995052
11
73041918
73043069
11
73050358
73052256
11
73053646
73057526
11
73076468
73080558
11
73090122
73092572
11
73120659
73125200
11
73140912
73143385
11
73145710
73149308
11
73155125
73160958
11
73721273
73723033
11
73782977
73784160
11
73958831
73960127
11
73997475
73998675
11
74000557
74001967
11
74151786
74155377
11
74162365
74164291
11
74186849
74188360
11
74197931
74205148
11
74213675
74219755
11
74239550
74241555
11
74253489
74256476
11
74280444
74282374
11
74291411
74293311
11
74330503
74343085
11
74346304
74349155
11
74365961
74367127
11
74370818
74375077
11
74376411
74378008
11
74404132
74407483
11
74419793
74422631
11
74426161
74428126
11
74436026
74437405
11
74443398
74446781
11
74450453
74451731
11
74453399
74457016
11
74463893
74470738
11
74480016
74495771
11
74537653
74545382
11
74567065
74568385
11
74580071
74581371
11
74607553
74609625
11
74629166
74631517
11
74639416
74642060
11
74643325
74653829
11
74656929
74661912
11
74663270
74669156
11
74675377
74679467
11
74683382
74685882
11
74690953
74692889
11
74710983
74714100
11
74722420
74725865
11
74740207
74743491
11
74746086
74748609
11
74779112
74782615
11
74787476
74790315
11
74808106
74810393
11
74816885
74817985
11
74862049
74867393
11
74870556
74871872
11
74880012
74884331
11
74889148
74892058
11
74918203
74920403
11
74957740
74959643
11
74962995
74975097
11
74980065
74986399
11
74987581
74990934
11
74999593
75002627
11
75004558
75014305
11
75016117
75018394
11
75025009
75027142
11
75065288
75071925
11
75079140
75081340
11
75085938
75087782
11
75091102
75092510
11
75095574
75099490
11
75108146
75110746
11
75126332
75132404
11
75133906
75136437
11
75137486
75140105
11
75162388
75165740
11
75231786
75234069
11
75236082
75238949
11
75244080
75246160
11
75252465
75254222
11
75261024
75262791
11
75265117
75266167
11
75267678
75271681
11
75274407
75278082
11
75280182
75281668
11
75293412
75296692
11
75300320
75303184
11
75306995
75309974
11
75315757
75320569
11
75324399
75328078
11
75329410
75331810
11
75336754
75342192
11
75346436
75349424
11
75350565
75358074
11
75367881
75370522
11
75372965
75374085
11
75375447
75387691
11
75420016
75423789
11
75435124
75437855
11
75439283
75448155
11
75464324
75467124
11
75469712
75474866
11
75486595
75491043
11
75494044
75498835
11
75514014
75516995
11
75519788
75522091
11
75547901
75549249
11
75562292
75567943
11
75578872
75587631
11
75596002
75598475
11
75609651
75616386
11
75627931
75632074
11
75636015
75640830
11
75647931
75663488
11
75673560
75683733
11
75686360
75687960
11
75696699
75698172
11
75700446
75701576
11
75707994
75711927
11
75720258
75722536
11
75723636
75725036
11
75731963
75734668
11
75736422
75738827
11
75753238
75755718
11
75761204
75763937
11
75782118
75786258
11
75792481
75794041
11
75802623
75805528
11
75814524
75816538
11
75839280
75847070
11
75852516
75854267
11
75861161
75866241
11
75921985
75924645
11
75928495
75931834
11
75957284
75961682
11
76010517
76011662
11
76017216
76019351
11
76031809
76034959
11
76045546
76046733
11
76058498
76061478
11
76064214
76083915
11
76092894
76097032
11
76103983
76113824
11
76116124
76122188
11
76168219
76176712
11
76181134
76182511
11
76187783
76191232
11
76213473
76216611
11
76222886
76236644
11
76238747
76240164
11
76249459
76253003
11
76255427
76259904
11
76271165
76275310
11
76277793
76280488
11
76287275
76290323
11
76292920
76296843
11
76298005
76302125
11
76304940
76312088
11
76327459
76328995
11
76330083
76332613
11
76340255
76342672
11
76356463
76357563
11
76377732
76379241
11
76385727
76388727
11
76402560
76407806
11
76411968
76415493
11
76417117
76421079
11
76425980
76430317
11
76433327
76438117
11
76475820
76477130
11
76481749
76483160
11
76488872
76491849
11
76508794
76519426
11
76527559
76528701
11
76582860
76584379
11
76591142
76592634
11
76659869
76664791
11
76708981
76710488
11
76720907
76723366
11
76727314
76733166
11
76738139
76742096
11
76761718
76763621
11
76781568
76783671
11
76789041
76791927
11
76805757
76808439
11
76812085
76822850
11
76825776
76835207
11
76844422
76848953
11
76891775
76895221
11
76907486
76910723
11
76920621
76922320
11
76965287
76968062
11
77003485
77006077
11
77028877
77032031
11
77105471
77108284
11
77110843
77112462
11
77155683
77162817
11
77164070
77167525
11
77169445
77174870
11
77177886
77187399
11
77196616
77200443
11
77216496
77217621
11
77220212
77221253
11
77270101
77272078
11
77274559
77298268
11
77299743
77322722
11
77328339
77338937
11
77349027
77354159
11
77396523
77397933
11
77456128
77457438
11
77460320
77462020
11
77502367
77508898
11
77527854
77535406
11
77563202
77564436
11
77578872
77583966
11
77590610
77594393
11
77600033
77603080
11
77605812
77612664
11
77620495
77622057
11
77628054
77637912
11
77639686
77645907
11
77657009
77659230
11
77669990
77674846
11
77676034
77684755
11
77690351
77693067
11
77698028
77704426
11
77706578
77711126
11
77714379
77718064
11
77723464
77727128
11
77728438
77734278
11
77741024
77743987
11
77745905
77754423
11
77761301
77764108
11
77771282
77775188
11
77781680
77785566
11
77789142
77793004
11
77796996
77799111
11
77806974
77814677
11
77821344
77823160
11
77824621
77826076
11
77828967
77832159
11
77833681
77836002
11
77838651
77844327
11
77847283
77850086
11
77853009
77856900
11
77870272
77872072
11
77873197
77877304
11
77889134
77892469
11
77895681
77898478
11
77908193
77909655
11
77930076
77931710
11
77940272
77942392
11
77954838
77958056
11
77967332
77970290
11
77971390
77974718
11
77975737
77989434
11
77992336
78000281
11
78004057
78008678
11
78022244
78025640
11
78027912
78029896
11
78047063
78048773
11
78076431
78078874
11
78088564
78092258
11
78098882
78102557
11
78115880
78120899
11
78129962
78131791
11
78139622
78146130
11
78152726
78154335
11
78158598
78166777
11
78169840
78178199
11
78180876
78188741
11
78197441
78199179
11
78210690
78216805
11
78241730
78242752
11
78268187
78269841
11
78281395
78286099
11
78293543
78296423
11
78298493
78299538
11
78311398
78316224
11
78319728
78328673
11
78336441
78339296
11
78341504
78346531
11
78350844
78355967
11
78357278
78359530
11
78364700
78367632
11
78370874
78374945
11
78376320
78379020
11
78391009
78392147
11
78429122
78431845
11
78433453
78434608
11
78455511
78460581
11
78479355
78482880
11
78488338
78489898
11
78517327
78520147
11
78536981
78538735
11
78566455
78567873
11
78577641
78578761
11
78609382
78611948
11
78622312
78624513
11
78629402
78633131
11
78641853
78644328
11
78651265
78652507
11
78653655
78655864
11
78656883
78665197
11
78666396
78669475
11
78680290
78681574
11
78702056
78703791
11
78710741
78712002
11
78726293
78727793
11
78734295
78743268
11
78756456
78758774
11
78763444
78772647
11
78774147
78775520
11
78782062
78784749
11
78796033
78799225
11
78802476
78805126
11
78814741
78816141
11
78818122
78819774
11
78822143
78825188
11
78829503
78846294
11
78847394
78848826
11
78851305
78858509
11
78862114
78863413
11
78866583
78868479
11
78873897
78876497
11
78884200
78887144
11
78890443
78896315
11
78900959
78906157
11
78917589
78921072
11
78931665
78944915
11
78946208
78947607
11
78951546
78953710
11
78961531
78963678
11
78977031
78981433
11
79007093
79008615
11
79045467
79048770
11
79059194
79063417
11
79102345
79104193
11
79140524
79142360
11
79154234
79155875
11
79184939
79190163
11
79205124
79207080
11
79273099
79277647
11
79334311
79338114
11
79353885
79357754
11
79380174
79382834
11
79386599
79393044
11
79394212
79398385
11
79405504
79411121
11
79415408
79417071
11
79419822
79423034
11
79427299
79430219
11
79431309
79434046
11
79435644
79442835
11
79444707
79446116
11
79447934
79450015
11
79452161
79453984
11
79460208
79463359
11
79465210
79469472
11
79474280
79481123
11
79482880
79484409
11
79490989
79492780
11
79494458
79498485
11
79500920
79509808
11
79511108
79516942
11
79519353
79523352
11
79525970
79537670
11
79540288
79548881
11
79554473
79556352
11
79579265
79582379
11
79592585
79594184
11
79601770
79606965
11
79623437
79624494
11
79648835
79650277
11
79669091
79672803
11
79685479
79688345
11
79702697
79703955
11
79706990
79710725
11
79784704
79786016
11
79804687
79811667
11
79812975
79815640
11
79835229
79837590
11
79846174
79855547
11
79861864
79866330
11
79868020
79870214
11
79950599
79951899
11
79988091
79990511
11
79992069
79994046
11
80035750
80038233
11
80070831
80077330
11
80085412
80087883
11
80103450
80107220
11
80115124
80117039
11
80122164
80125063
11
80128264
80129697
11
80175448
80177466
11
80179724
80182707
11
80198346
80200796
11
80208435
80211634
11
80214295
80221085
11
80223213
80225519
11
80240124
80241479
11
80244125
80245425
11
80273072
80277055
11
80287527
80297635
11
80302736
80307312
11
80314508
80324074
11
80325790
80330508
11
80340128
80342915
11
80352106
80356145
11
80360574
80363349
11
80367799
80370409
11
80388986
80391143
11
80402741
80403813
11
80419154
80424824
11
80439724
80442249
11
80445307
80446496
11
80492488
80494251
11
80499995
80502540
11
80511206
80512508
11
80588110
80591448
11
80615496
80620077
11
80626501
80630418
11
80637433
80638976
11
80650477
80652790
11
80696982
80699070
11
80704379
80707021
11
80728354
80732811
11
80761277
80762801
11
80764791
80766338
11
80779768
80782021
11
80829815
80831816
11
80894890
80897080
11
80936418
80940784
11
80948446
80953418
11
80957285
80958829
11
80966116
80971216
11
80984190
80986703
11
81031612
81035357
11
81042129
81045462
11
81047290
81049869
11
81091164
81096248
11
81099245
81100345
11
81105435
81106835
11
81115073
81116149
11
81128791
81130824
11
81146995
81149848
11
81151085
81153461
11
81163647
81165613
11
81176509
81180084
11
81226489
81227727
11
81243172
81246366
11
81255178
81256589
11
81259982
81262933
11
81265570
81267200
11
81275343
81277017
11
81316836
81319777
11
81406027
81411708
11
81426581
81430525
11
81435207
81436407
11
81469717
81471981
11
81493537
81496191
11
81498747
81500426
11
81516568
81518833
11
81550351
81557403
11
81575942
81579973
11
81583554
81585439
11
81588612
81591247
11
81594706
81596447
11
81609863
81612606
11
81614106
81617257
11
81626125
81627746
11
81638248
81640310
11
81664284
81665506
11
81679699
81680709
11
81705811
81707462
11
81787345
81793411
11
81862198
81865205
11
81868322
81872227
11
81874643
81877403
11
81903995
81906034
11
81935530
81938819
11
81987377
81988432
11
82001523
82003978
11
82007121
82013889
11
82014897
82016589
11
82021370
82024118
11
82031058
82036979
11
82041341
82044183
11
82053207
82055659
11
82063063
82070959
11
82073325
82077761
11
82084554
82086647
11
82098982
82100082
11
82118632
82121240
11
82134779
82138937
11
82154525
82158939
11
82161338
82163166
11
82194351
82196009
11
82205679
82209532
11
82213397
82226864
11
82231760
82233022
11
82237682
82239613
11
82246437
82257663
11
82261090
82263390
11
82267301
82271944
11
82276105
82278280
11
82286113
82289019
11
82291488
82293487
11
82296056
82299047
11
82306700
82308936
11
82343658
82345635
11
82354537
82356576
11
82363959
82365753
11
82371466
82372729
11
82426310
82429783
11
82433512
82438006
11
82440744
82444181
11
82452548
82456597
11
82473156
82475463
11
82503588
82508448
11
82516321
82518927
11
82520011
82524319
11
82588303
82590930
11
82595735
82604283
11
82613586
82622590
11
82628746
82632420
11
82637847
82640646
11
82644437
82651345
11
82663912
82666702
11
82677165
82679849
11
82682869
82688761
11
82698397
82700157
11
82702558
82706178
11
82713457
82716721
11
82735639
82739662
11
82743118
82750034
11
82772939
82777249
11
82792669
82794490
11
82802778
82804113
11
82850397
82852981
11
82859237
82860465
11
82879432
82881013
11
82884304
82886650
11
82893799
82895909
11
82931069
82932870
11
82942832
82944735
11
83002949
83005549
11
83029895
83031195
11
83086567
83088389
11
83098870
83100270
11
83118157
83121574
11
83123402
83125436
11
83139905
83144866
11
83147951
83149651
11
83174663
83180099
11
83181199
83182686
11
83197515
83200548
11
83206632
83211272
11
83217587
83229833
11
83235494
83238916
11
83240336
83245484
11
83249470
83253033
11
83255419
83259897
11
83264570
83266664
11
83270809
83272803
11
83274002
83281059
11
83312094
83319952
11
83321788
83324260
11
83334121
83337474
11
83345160
83346504
11
83348235
83350115
11
83355211
83358570
11
83365234
83366864
11
83411326
83413279
11
83422513
83424213
11
83428609
83431193
11
83444885
83452813
11
83454566
83458104
11
83530815
83534660
11
83557843
83559372
11
83568456
83570591
11
83580674
83581811
11
83611950
83617203
11
83619011
83621401
11
83624243
83633489
11
83664306
83672518
11
83704292
83707312
11
83721397
83724413
11
83740741
83742783
11
83778608
83783341
11
83790313
83793490
11
83814293
83817535
11
83825941
83828923
11
83858018
83861138
11
83863221
83864430
11
83870192
83871552
11
83881576
83886200
11
83896900
83899695
11
83942774
83949579
11
83993604
83997483
11
84015135
84017251
11
84039121
84040754
11
84056899
84064331
11
84100266
84104438
11
84109936
84111596
11
84157655
84160180
11
84178584
84180890
11
84231134
84232581
11
84240733
84244048
11
84250191
84252120
11
84327674
84331538
11
84336155
84343491
11
84345238
84346480
11
84351832
84355916
11
84371324
84372793
11
84383336
84385135
11
84390117
84395976
11
84415242
84417488
11
84420215
84424733
11
84447682
84452500
11
84453901
84455985
11
84458085
84460547
11
84486698
84489018
11
84513614
84515141
11
84521348
84529319
11
84538677
84541159
11
84550500
84554312
11
84566183
84568175
11
84575686
84582372
11
84589477
84593571
11
84623982
84626065
11
84630244
84631675
11
84633538
84634729
11
84639437
84641085
11
84644419
84646060
11
84683922
84686251
11
84692522
84696564
11
84697764
84702026
11
84711288
84712988
11
84715368
84719129
11
84731582
84735902
11
84748444
84750555
11
84758517
84760562
11
84761611
84763161
11
84766683
84768584
11
84775713
84782558
11
84800118
84805335
11
84829643
84830827
11
84852304
84854401
11
84858239
84859796
11
84950430
84960553
11
85013522
85014680
11
85038146
85041267
11
85050157
85052960
11
85095539
85098698
11
85126256
85133185
11
85147743
85151065
11
85168124
85169260
11
85182772
85184564
11
85190998
85195076
11
85206669
85214988
11
85225336
85226473
11
85266490
85270103
11
85280146
85282332
11
85286957
85291478
11
85292545
85293950
11
85298485
85302934
11
85324952
85328086
11
85340491
85342991
11
85363703
85367207
11
85385520
85386620
11
85387769
85395373
11
85400828
85404826
11
85413916
85416452
11
85427945
85435356
11
85443651
85446566
11
85469550
85474414
11
85479687
85481430
11
85482675
85485088
11
85486688
85490134
11
85500251
85503007
11
85505885
85510871
11
85512871
85514620
11
85526654
85537972
11
85568257
85572696
11
85580029
85585811
11
85604096
85606061
11
85610776
85613934
11
85628270
85634963
11
85638415
85643832
11
85645003
85648418
11
85649722
85662305
11
85692674
85695196
11
85705586
85706952
11
85708846
85710597
11
85713145
85729753
11
85731586
85735422
11
85737828
85741167
11
85742814
85748522
11
85765900
85767041
11
85776948
85780485
11
85787322
85788733
11
85789960
85794312
11
85811735
85816575
11
85846489
85847924
11
85877485
85879306
11
85919605
85920771
11
85985867
85988584
11
86004303
86006836
11
86015904
86017964
11
86027753
86032583
11
86040406
86044947
11
86174090
86178674
11
86212199
86213949
11
86249245
86252199
11
86279519
86280691
11
86296801
86319891
11
86322668
86325138
11
86348803
86352073
11
86358269
86360389
11
86375028
86376250
11
86403004
86411463
11
86439215
86442424
11
86445031
86447209
11
86453852
86455836
11
86466483
86470722
11
86499224
86505109
11
86514552
86516600
11
86520780
86526362
11
86540526
86544538
11
86573708
86579003
11
86708543
86712011
11
86722722
86723769
11
86730627
86738772
11
86754304
86757926
11
86763033
86765836
11
86775552
86779983
11
86783507
86790556
11
86798852
86800921
11
86805994
86814299
11
86886362
86887662
11
86889945
86891989
11
86894231
86895368
11
86940161
86944451
11
86989879
86991456
11
87054587
87058312
11
87073112
87077195
11
87082604
87084382
11
87124740
87125906
11
87134354
87136142
11
87141455
87144125
11
87170047
87176718
11
87216615
87221709
11
87230053
87233205
11
87237756
87245449
11
87251935
87253164
11
87258041
87265446
11
87276653
87279511
11
87285648
87287784
11
87291726
87293901
11
87314115
87317092
11
87318873
87320254
11
87329231
87332924
11
87370510
87373518
11
87382750
87391254
11
87392654
87399285
11
87401364
87414331
11
87429736
87436266
11
87453214
87456679
11
87502055
87504448
11
87536638
87541907
11
87551659
87554547
11
87563905
87567201
11
87573338
87577778
11
87579719
87582175
11
87586646
87588116
11
87592677
87597575
11
87615147
87622675
11
87636392
87643328
11
87670005
87681436
11
87686387
87689506
11
87690920
87694811
11
87703061
87708179
11
87783731
87785419
11
87789153
87791566
11
87801444
87805491
11
87818133
87820167
11
87840297
87841878
11
87848029
87850950
11
87863794
87868610
11
87883058
87884428
11
87889842
87890948
11
87897213
87904178
11
87913994
87918572
11
87924410
87926506
11
87945258
87947270
11
87953131
87956779
11
87967389
87969339
11
87970870
87972464
11
87974311
87976958
11
87980470
87983126
11
87989696
87990794
11
88002297
88005230
11
88019314
88022026
11
88026757
88027957
11
88029973
88034561
11
88059948
88061067
11
88067881
88070847
11
88074242
88076090
11
88087684
88091983
11
88105030
88112347
11
88114321
88118458
11
88124562
88131160
11
88156383
88163127
11
88170203
88184647
11
88185649
88190838
11
88196163
88200463
11
88209597
88212703
11
88214615
88220907
11
88228911
88231508
11
88234641
88237562
11
88244199
88247391
11
88250241
88258200
11
88269445
88273234
11
88275480
88278564
11
88297268
88299019
11
88303317
88305687
11
88321970
88323492
11
88324675
88338631
11
88341917
88344757
11
88349362
88351302
11
88352360
88354060
11
88357963
88359863
11
88362921
88370512
11
88373396
88394880
11
88398551
88408754
11
88417414
88419749
11
88428305
88443748
11
88450914
88454581
11
88459248
88471224
11
88477842
88483112
11
88494167
88495758
11
88497825
88498925
11
88503918
88506426
11
88513675
88516311
11
88529350
88540386
11
88544687
88548591
11
88550311
88551339
11
88554452
88557125
11
88638392
88640473
11
88650472
88664647
11
88667566
88675056
11
88676562
88681557
11
88695509
88696949
11
88719554
88720619
11
88742373
88744143
11
88749241
88750683
11
88759769
88761352
11
88763737
88767709
11
88796994
88799500
11
88804479
88807714
11
88814610
88817548
11
88818958
88820891
11
88832190
88834033
11
88844088
88846701
11
88848327
88850048
11
88853967
88856967
11
88873467
88878791
11
88900921
88905750
11
88910595
88911699
11
88930234
88932077
11
88940225
88943651
11
88945066
88946747
11
88951527
88953257
11
88957918
88959201
11
88960310
88961955
11
88963599
88965086
11
88970930
88984203
11
89003396
89004535
11
89056044
89057144
11
89066195
89068624
11
89109676
89118871
11
89128733
89132122
11
89136029
89139658
11
89154285
89156951
11
89187752
89189564
11
89197466
89198994
11
89221283
89225451
11
89263222
89264722
11
89275412
89278374
11
89323875
89326853
11
89352753
89356323
11
89360507
89364330
11
89387554
89390598
11
89439933
89442053
11
89485203
89486702
11
89516913
89521198
11
89535013
89537913
11
89553485
89556460
11
89587980
89592978
11
89656118
89657374
11
89672673
89674237
11
89688951
89690912
11
89748631
89750403
11
89766841
89768090
11
89799517
89809796
11
89826468
89830183
11
89845054
89846501
11
89854513
89857517
11
89862682
89864710
11
89923492
89926106
11
89970944
89973611
11
89986708
89988290
11
90030944
90032698
11
90036629
90038029
11
90062392
90067281
11
90081306
90085620
11
90091637
90095182
11
90165289
90169171
11
90177815
90178915
11
90185197
90188324
11
90196972
90199394
11
90204018
90208355
11
90231475
90236628
11
90269977
90271523
11
90277957
90281905
11
90312822
90315191
11
90317764
90318993
11
90349640
90351552
11
90354679
90356334
11
90452972
90455436
11
90464163
90466484
11
90478153
90481554
11
90490172
90494643
11
90500672
90506995
11
90514076
90516075
11
90526854
90528706
11
90568377
90571614
11
90595200
90597031
11
90598136
90600193
11
90624380
90626326
11
90846595
90850154
11
90867558
90869434
11
90881220
90882620
11
90936214
90937810
11
91011123
91014018
11
91104072
91105782
11
91140464
91142445
11
91146634
91148541
11
91201125
91202531
11
91230566
91232744
11
91268263
91269483
11
91319748
91322359
11
91348029
91350417
11
91382424
91383439
11
91427762
91429164
11
91563422
91565922
11
91619444
91621731
11
91716178
91718608
11
91754507
91755529
11
91798382
91800094
11
91949771
91953364
11
92069502
92070616
11
92174731
92176763
11
92267250
92272395
11
92316887
92317911
11
92649368
92650767
11
92652689
92654002
11
92725518
92726618
11
92781163
92782603
11
92826089
92827920
11
92870725
92872025
11
92880698
92881798
11
92931453
92933973
11
92956525
92959884
11
92969063
92970486
11
92988507
92990916
11
92992797
92995780
11
93033000
93035885
11
93155886
93157842
11
93215247
93216623
11
93217846
93218991
11
93247629
93251816
11
93260366
93262072
11
93286626
93289391
11
93320411
93322492
11
93338132
93339732
11
93345047
93346597
11
93386403
93389910
11
93397697
93399659
11
93470067
93472267
11
93477036
93478131
11
93546643
93547959
11
93550581
93554020
11
93593094
93595632
11
93645381
93646769
11
93668051
93671127
11
93699810
93705498
11
93715937
93718462
11
93728081
93730225
11
93759448
93773460
11
93810934
93812181
11
93840062
93842467
11
93852902
93854885
11
93860394
93863000
11
93939762
93942246
11
93943963
93946902
11
93948181
93956251
11
93960416
93964450
11
93966176
93969439
11
93974518
93977058
11
93982018
93983226
11
93985046
93986451
11
94005325
94006767
11
94011202
94014350
11
94016995
94018661
11
94022038
94028937
11
94030893
94039301
11
94055985
94058485
11
94079090
94080209
11
94090469
94093646
11
94107342
94110079
11
94142584
94144436
11
94158819
94160425
11
94175795
94177996
11
94190187
94191287
11
94204108
94207860
11
94226055
94228455
11
94234313
94240934
11
94242524
94243715
11
94255590
94265598
11
94290407
94291607
11
94299189
94300589
11
94309961
94313098
11
94314733
94316533
11
94359635
94360991
11
94369913
94371115
11
94375493
94379899
11
94446177
94449236
11
94513695
94515248
11
94533155
94535152
11
94548299
94551688
11
94557924
94559024
11
94573563
94574703
11
94687577
94689392
11
94690831
94692055
11
94732251
94735750
11
94752886
94754387
11
94761217
94766353
11
94787315
94791259
11
94805786
94810348
11
94820242
94821442
11
94822642
94824670
11
94833120
94837488
11
94841652
94843852
11
94891623
94894026
11
94901672
94903025
11
94919192
94924700
11
94938270
94939624
11
94941479
94942483
11
94950686
94953160
11
94956388
94960815
11
94976032
94979039
11
94996185
94997458
11
95013100
95016917
11
95068150
95070384
11
95099131
95101087
11
95153424
95154624
11
95164535
95170178
11
95208819
95211334
11
95225196
95227432
11
95229151
95230682
11
95301141
95302241
11
95317848
95319758
11
95328439
95329939
11
95358693
95359768
11
95383097
95385297
11
95390823
95393623
11
95413081
95414281
11
95434799
95437646
11
95483013
95486095
11
95492884
95499113
11
95519830
95520892
11
95528003
95530961
11
95567867
95569694
11
95581727
95583868
11
95586945
95588882
11
95610106
95613191
11
95637841
95641125
11
95646138
95647738
11
95674299
95676134
11
95684127
95686071
11
95729542
95731869
11
95774443
95780579
11
95797015
95803258
11
95823424
95828137
11
95865706
95867149
11
95881127
95883096
11
95889211
95890919
11
95938058
95940407
11
95955147
95957415
11
96004164
96010410
11
96082419
96091153
11
96096185
96101363
11
96110251
96111828
11
96117393
96120604
11
96121756
96124056
11
96128363
96133409
11
96148895
96150095
11
96158139
96161175
11
96166622
96168811
11
96199263
96200349
11
96208076
96209154
11
96214893
96217382
11
96280173
96281883
11
96283113
96284595
11
96331665
96333067
11
96357555
96359023
11
96384400
96387036
11
96437956
96439173
11
96462862
96465676
11
96509474
96513140
11
96529481
96533289
11
96542706
96543806
11
96575405
96578298
11
96580326
96583312
11
96603570
96613737
11
96631668
96634955
11
96636092
96637927
11
96640427
96645564
11
96666262
96668212
11
96690331
96694582
11
96702709
96703907
11
96712703
96714401
11
96720701
96723547
11
96731026
96733029
11
96748231
96755430
11
96816419
96820388
11
96838159
96841876
11
96852427
96853627
11
96862247
96864829
11
96882087
96885703
11
96889411
96890567
11
96939395
96940995
11
96953351
96957794
11
96966001
96967076
11
96977366
96979474
11
97003800
97005637
11
97015038
97017024
11
97116890
97118152
11
97214189
97215244
11
97217917
97223034
11
97255546
97257490
11
97269712
97270851
11
97285322
97288004
11
97322316
97327408
11
97333489
97334789
11
97362609
97365464
11
97375411
97376753
11
97386047
97389938
11
97394208
97395309
11
97418767
97420120
11
97424007
97425082
11
97443281
97448186
11
97464365
97467555
11
97472602
97473632
11
97475201
97478999
11
97485940
97491009
11
97506559
97514683
11
97515806
97520213
11
97530910
97535369
11
97558154
97559354
11
97584104
97586291
11
97593196
97596286
11
97597406
97599478
11
97613234
97619646
11
97622704
97624094
11
97626340
97633023
11
97698097
97700440
11
97757976
97759360
11
97803096
97805885
11
97810253
97812843
11
97816197
97817477
11
97818585
97821022
11
97841804
97847788
11
97852504
97853704
11
97862589
97864676
11
97867423
97870217
11
97901941
97905578
11
97964491
97967342
11
98006155
98007570
11
98018001
98020452
11
98102076
98107845
11
98111008
98113773
11
98142353
98144057
11
98152142
98154853
11
98165370
98167539
11
98170530
98172799
11
98191624
98198387
11
98202700
98209632
11
98247051
98250347
11
98252689
98255765
11
98263406
98267996
11
98272720
98277281
11
98303156
98304637
11
98317464
98318832
11
98357128
98359172
11
98398493
98401993
11
98404750
98405769
11
98414908
98418902
11
98468182
98470795
11
98486965
98488465
11
98497746
98499160
11
98502926
98504323
11
98506720
98509707
11
98512039
98513915
11
98517970
98521190
11
98558940
98563304
11
98569653
98572555
11
98586493
98591038
11
98612503
98613603
11
98653745
98655677
11
98706516
98708316
11
98710473
98712409
11
98752932
98755104
11
98756376
98760082
11
98764986
98772505
11
98775085
98785362
11
98786754
98789690
11
98796951
98801590
11
98837441
98841904
11
98850763
98858005
11
98860719
98863787
11
98923161
98926103
11
98948579
98952697
11
99004210
99005410
11
99044581
99047854
11
99087084
99088477
11
99097542
99100595
11
99147962
99149409
11
99153142
99154502
11
99185464
99188141
11
99201042
99205330
11
99217571
99219458
11
99323110
99324539
11
99460063
99461363
11
99494073
99495273
11
99676241
99679631
11
99747663
99749318
11
99786901
99788369
11
99874051
99875492
11
99912236
99913836
11
99924770
99928608
11
99954611
99956929
11
99959629
99961825
11
100021312
100024777
11
100083112
100086904
11
100105372
100107922
11
100133390
100139208
11
100164878
100166273
11
100169779
100171163
11
100190204
100193219
11
100206321
100210034
11
100211782
100219347
11
100224646
100226419
11
100229956
100233104
11
100238340
100239640
11
100242005
100243401
11
100255684
100256936
11
100294939
100296917
11
100394209
100395909
11
100431460
100432482
11
100434142
100441740
11
100443740
100445200
11
100455816
100456916
11
100464107
100465638
11
100468939
100470296
11
100487831
100489831
11
100493781
100497873
11
100505355
100506487
11
100516307
100518158
11
100535407
100537207
11
100578059
100579736
11
100601543
100603657
11
100612889
100617323
11
100652351
100653451
11
100664393
100667873
11
100674898
100677981
11
100708681
100710440
11
100713378
100714579
11
100755521
100757045
11
100771051
100772581
11
100784479
100786179
11
100837435
100838772
11
100862424
100864648
11
100882243
100883774
11
100885511
100890349
11
100891724
100895702
11
100897540
100903385
11
100934795
100937095
11
100978680
100985695
11
100993103
100994203
11
100997430
100998530
11
101001289
101002686
11
101004345
101005804
11
101011046
101012644
11
101014540
101016244
11
101044828
101048422
11
101061394
101063473
11
101074969
101078500
11
101140004
101143363
11
101144779
101148484
11
101152251
101154367
11
101163478
101165632
11
101166948
101168509
11
101229181
101231330
11
101258166
101259766
11
101270864
101275196
11
101279383
101288563
11
101296154
101301518
11
101331885
101332995
11
101340491
101343675
11
101387669
101389747
11
101405581
101407986
11
101420295
101421453
11
101456686
101458489
11
101461214
101463388
11
101473416
101474615
11
101484713
101485881
11
101488971
101490136
11
101496276
101497854
11
101539578
101542002
11
101582534
101588004
11
101601707
101602907
11
101628767
101632014
11
101635166
101637146
11
101645660
101647085
11
101654386
101657386
11
101732788
101733989
11
101740504
101741959
11
101753709
101756696
11
101780136
101785011
11
101797971
101802063
11
101803428
101804810
11
101811487
101812674
11
101819699
101822236
11
101836565
101838414
11
101841505
101844683
11
101898768
101899817
11
101904284
101906084
11
101960895
101965463
11
101971018
101972247
11
101987209
101988480
11
101999349
102000834
11
102004691
102009151
11
102011961
102013061
11
102014662
102023436
11
102030693
102034398
11
102045131
102046763
11
102050718
102052240
11
102063936
102066877
11
102081199
102084844
11
102091078
102096229
11
102104224
102109624
11
102113322
102115982
11
102123284
102124384
11
102126560
102131498
11
102165779
102168767
11
102209844
102215957
11
102218634
102228133
11
102246684
102255938
11
102262430
102264773
11
102280942
102284352
11
102295315
102297805
11
102322984
102324184
11
102338175
102339207
11
102364920
102366555
11
102370959
102372067
11
102418463
102425279
11
102447235
102449860
11
102453874
102455787
11
102469616
102472152
11
102479977
102481863
11
102503128
102506331
11
102512635
102514220
11
102575305
102577961
11
102579661
102581361
11
102590982
102593437
11
102598652
102599752
11
102624217
102626450
11
102633889
102636879
11
102654367
102657035
11
102667081
102669075
11
102695904
102697634
11
102699812
102701047
11
102703747
102705188
11
102713729
102715029
11
102716143
102718008
11
102727860
102729193
11
102761239
102764848
11
102781951
102784207
11
102810617
102812155
11
102818221
102824627
11
102865614
102868886
11
102879292
102882614
11
102910613
102916551
11
102922990
102924950
11
102927708
102930234
11
102931622
102935825
11
102960211
102963764
11
102984564
102986678
11
102988857
102989957
11
102994638
102997278
11
103008226
103011302
11
103015901
103018593
11
103027399
103028499
11
103031621
103032856
11
103034668
103036483
11
103041544
103043780
11
103054297
103057543
11
103061320
103062903
11
103073981
103078116
11
103082714
103086887
11
103147714
103150814
11
103155060
103157729
11
103174542
103182834
11
103184334
103185932
11
103202037
103203577
11
103246746
103249177
11
103252673
103257350
11
103319251
103322552
11
103416286
103417886
11
103482247
103483647
11
103493694
103496170
11
103513780
103515180
11
103545791
103555237
11
103564552
103567552
11
103573595
103576048
11
103579203
103581492
11
103586017
103591802
11
103594002
103595093
11
103603561
103606541
11
103622143
103623392
11
103624509
103630594
11
103680910
103682806
11
103714279
103715759
11
103719638
103721336
11
103781896
103784784
11
103867843
103868976
11
103897610
103902068
11
103914532
103918524
11
103947026
103948450
11
103971246
103972588
11
103974364
103976185
11
103990141
103994831
11
104006189
104007489
11
104046920
104049366
11
104052195
104054279
11
104080395
104082470
11
104087080
104089877
11
104181120
104183240
11
104226841
104228643
11
104256635
104259573
11
104261659
104264500
11
104282704
104285406
11
104320684
104321884
11
104388367
104389882
11
104392399
104395502
11
104397277
104399334
11
104471671
104473185
11
104494607
104496694
11
104523610
104525194
11
104584643
104586363
11
104742625
104743725
11
104751107
104752860
11
104794365
104800059
11
104927739
104930017
11
104995706
104998219
11
105094998
105096375
11
105107053
105108110
11
105163794
105165812
11
105169951
105172012
11
105177019
105183618
11
105205996
105207196
11
105272405
105274268
11
105356724
105357924
11
105404353
105408198
11
105516454
105517554
11
105544246
105545988
11
105560975
105562457
11
105656659
105658239
11
105728360
105729950
11
105744413
105746706
11
105750034
105752534
11
105758675
105763604
11
105786391
105788994
11
105797979
105802045
11
105810631
105811731
11
105821111
105824025
11
105839698
105843006
11
105851864
105855217
11
105899610
105901251
11
105960626
105962449
11
105969911
105979315
11
105982526
105984109
11
106031324
106033080
11
106076605
106081239
11
106086203
106087517
11
106101256
106105640
11
106140613
106143630
11
106198060
106201022
11
106204885
106211240
11
106244238
106246582
11
106265120
106266758
11
106295786
106298817
11
106301185
106305500
11
106314219
106315360
11
106316488
106319499
11
106364093
106365757
11
106374227
106378168
11
106380209
106381309
11
106383777
106385277
11
106418351
106421775
11
106452748
106454049
11
106470043
106472686
11
106487183
106491938
11
106538546
106539987
11
106566766
106569458
11
106576705
106581232
11
106595534
106599575
11
106601675
106604690
11
106630780
106634039
11
106674186
106676103
11
106733012
106737985
11
106740746
106742593
11
106812216
106816172
11
106824034
106825601
11
106840484
106846175
11
106874281
106876428
11
106922389
106923474
11
106925726
106928544
11
106948409
106951892
11
107000501
107002775
11
107073406
107074518
11
107080789
107081991
11
107095564
107096569
11
107137045
107140192
11
107163807
107165987
11
107170437
107172195
11
107195443
107198982
11
107210036
107213259
11
107227719
107230353
11
107263678
107265335
11
107270747
107272469
11
107284031
107285725
11
107326536
107328149
11
107362607
107365027
11
107428861
107430334
11
107441710
107443107
11
107485989
107487215
11
107489522
107492897
11
107499055
107500283
11
107503879
107506771
11
107529804
107532138
11
107574567
107578759
11
107608505
107613759
11
107679651
107683532
11
107688670
107691330
11
107704391
107705872
11
107738177
107739520
11
107750186
107752258
11
107813641
107817198
11
107833765
107835145
11
107854472
107855785
11
107866355
107867645
11
107878719
107880365
11
107884512
107887699
11
107932090
107933560
11
107953773
107955798
11
108025642
108027732
11
108041737
108042934
11
108156577
108160076
11
108237965
108245010
11
108274534
108277642
11
108292910
108294634
11
108305153
108306454
11
108313855
108315940
11
108323356
108324800
11
108341573
108343273
11
108436110
108438096
11
108473468
108475319
11
108689121
108690706
11
108704935
108710458
11
108713219
108717325
11
108735507
108747301
11
108751903
108757872
11
108788128
108791069
11
108857031
108858271
11
108880573
108882426
11
108884105
108886901
11
108975243
108977294
11
108984086
108985647
11
109042658
109044530
11
109053287
109054771
11
109077558
109079626
11
109083215
109086411
11
109176352
109179392
11
109221908
109223851
11
109251977
109254276
11
109258829
109260266
11
109288267
109294205
11
109332528
109333915
11
109372769
109375164
11
109397226
109399925
11
109412262
109413754
11
109423164
109427229
11
109465223
109467277
11
109484153
109488843
11
109491683
109493965
11
109527948
109531845
11
109534324
109539031
11
109642358
109644336
11
109717538
109719393
11
109810896
109812396
11
109857881
109859357
11
109894607
109895807
11
110163129
110164529
11
110187817
110189931
11
110212923
110214843
11
110239757
110241312
11
110244432
110245720
11
110263053
110264844
11
110293371
110296573
11
110335343
110336609
11
110349082
110350776
11
110472897
110475161
11
110767750
110769804
11
110793755
110795354
11
110885258
110886525
11
110907121
110908235
11
110964359
110965911
11
110970447
110971720
11
110974974
110976876
11
111029814
111031525
11
111141177
111142638
11
111225813
111227826
11
111301095
111302559
11
111337987
111339496
11
111367726
111368838
11
111438921
111440962
11
111597101
111598403
11
111739365
111740760
11
111762131
111764260
11
111768757
111770162
11
111988643
111989975
11
111997151
111998518
11
112049732
112050905
11
112217987
112219455
11
112264618
112270598
11
112327970
112329589
11
112384028
112385295
11
112395163
112396187
11
112398826
112400126
11
112583577
112588230
11
112600084
112601093
11
112610688
112613297
11
112627060
112628705
11
112641384
112643184
11
112656923
112659085
11
112699490
112700528
11
112802337
112803883
11
112806483
112808875
11
112831807
112834751
11
112873150
112875844
11
112882913
112884547
11
112895627
112898053
11
112963842
112965073
11
112967602
112969365
11
112992014
112993858
11
113000630
113001808
11
113007182
113018001
11
113022542
113024284
11
113073605
113079135
11
113092291
113093562
11
113100985
113102900
11
113107031
113109145
11
113126193
113131653
11
113157298
113158550
11
113167543
113168771
11
113169980
113173734
11
113179270
113184644
11
113185773
113187916
11
113195377
113198848
11
113244296
113246125
11
113267412
113269514
11
113297280
113298754
11
113344324
113346742
11
113366199
113368599
11
113370381
113376925
11
113426785
113429476
11
113434819
113438390
11
113440117
113442117
11
113463553
113466893
11
113485646
113486777
11
113506785
113508985
11
113524192
113525492
11
113539771
113546017
11
113557644
113558774
11
113563276
113567877
11
113591645
113593795
11
113612051
113614153
11
113642046
113644403
11
113645923
113648609
11
113652021
113653297
11
113667878
113671379
11
113681579
113684261
11
113696777
113698313
11
113708582
113709682
11
113762207
113763820
11
113771449
113773582
11
113835929
113838142
11
113843481
113846682
11
113855242
113857173
11
113860156
113861556
11
113865466
113866948
11
113875569
113877935
11
113879446
113884658
11
113885685
113887277
11
113942930
113945900
11
114032437
114034237
11
114048188
114051554
11
114056866
114059539
11
114067695
114068895
11
114072989
114074204
11
114097735
114099501
11
114112765
114115134
11
114124092
114127265
11
114150993
114153147
11
114193800
114195923
11
114205590
114207366
11
114257171
114258226
11
114264203
114266772
11
114268636
114270672
11
114288311
114289554
11
114358261
114359374
11
114370559
114372374
11
114443346
114444487
11
114483215
114493906
11
114510978
114512019
11
114514761
114517922
11
114521259
114523339
11
114537887
114539046
11
114550880
114552088
11
114573271
114576247
11
114590691
114592444
11
114597508
114598989
11
114602260
114604340
11
114606704
114611263
11
114621379
114623664
11
114636018
114637953
11
114665543
114669045
11
114682584
114684441
11
114689590
114692008
11
114716034
114719609
11
114742992
114744304
11
114800795
114803306
11
114826425
114828025
11
114836814
114838314
11
114847572
114848872
11
114858321
114860321
11
114873622
114877801
11
114889002
114890530
11
114976706
114983181
11
114994196
114996153
11
114998453
115003343
11
115021578
115023378
11
115030122
115031183
11
115032806
115035496
11
115038466
115044153
11
115059110
115068775
11
115075637
115078747
11
115081746
115087062
11
115091403
115092576
11
115096885
115099046
11
115104394
115105454
11
115108242
115109864
11
115133221
115134376
11
115140992
115147353
11
115152510
115153626
11
115155075
115156851
11
115161221
115162362
11
115165998
115167798
11
115182152
115183252
11
115197605
115201705
11
115225994
115232985
11
115236474
115237727
11
115279803
115281006
11
115287387
115291333
11
115304956
115309322
11
115321772
115322878
11
115349707
115352718
11
115379757
115381374
11
115401656
115403549
11
115419038
115422381
11
115426958
115429379
11
115437101
115439579
11
115480027
115481603
11
115497345
115498832
11
115522345
115526457
11
115538745
115540784
11
115562250
115564230
11
115580144
115584394
11
115603100
115604219
11
115608861
115613186
11
115620052
115624872
11
115626471
115627995
11
115634889
115640080
11
115645768
115655197
11
115657441
115662198
11
115666622
115669399
11
115672818
115675551
11
115701526
115704426
11
115706337
115708537
11
115713422
115719639
11
115721932
115723793
11
115769953
115773356
11
115775517
115777931
11
115779243
115781203
11
115806782
115808082
11
115811435
115812588
11
115820192
115821455
11
115822655
115824455
11
115826867
115829397
11
115837005
115841166
11
115843945
115847912
11
115862680
115865127
11
115875966
115878774
11
115884545
115885645
11
115896532
115904241
11
115925789
115928156
11
115946749
115950455
11
115954882
115956758
11
115959029
115960867
11
115964427
115970786
11
115989673
115991200
11
116015165
116016575
11
116036835
116038135
11
116047038
116048303
11
116053933
116055552
11
116057857
116059286
11
116086598
116089381
11
116098012
116099812
11
116113736
116117726
11
116141549
116143104
11
116148834
116151413
11
116155532
116161653
11
116163525
116165250
11
116180024
116181496
11
116228783
116230541
11
116239737
116240827
11
116253290
116258962
11
116347705
116352211
11
116355212
116358512
11
116368375
116370917
11
116383378
116387501
11
116395140
116397714
11
116413512
116414593
11
116439087
116441644
11
116443746
116445411
11
116459076
116463554
11
116465993
116467457
11
116481976
116484734
11
116496896
116501278
11
116641813
116645912
11
116655529
116662069
11
116664549
116671143
11
116673983
116675080
11
116689301
116691258
11
116700350
116702890
11
116732146
116736159
11
116753754
116757468
11
116798938
116801248
11
116810088
116812512
11
116816484
116820706
11
116832442
116834100
11
116865927
116867477
11
116882972
116884281
11
116892205
116898364
11
116930537
116934352
11
116943469
116945081
11
116950632
116952620
11
116954023
116957071
11
116959887
116961250
11
116964606
116965740
11
116968078
116970893
11
116978038
116982115
11
116985177
116990481
11
116992559
116993789
