Chromosome
Start
End
1
48318
49144
1
117311
118096
1
158146
158766
1
206552
207129
1
311317
312755
1
336763
341874
1
353716
354354
1
415125
415665
1
566881
567619
1
618222
619247
1
702305
702989
1
761343
762092
1
787206
791281
1
814096
814844
1
883724
884940
1
1035261
1036450
1
1061785
1063041
1
1155477
1157158
1
1392106
1393400
1
1477980
1486895
1
1547098
1547677
1
1602341
1603511
1
1630694
1646901
1
1665673
1671913
1
1768988
1769537
1
1803123
1804153
1
1818398
1821791
1
1901995
1902753
1
2012266
2013376
1
2024254
2047353
1
2066827
2068622
1
2089956
2091593
1
2150842
2160771
1
2192933
2196090
1
2209286
2210945
1
2222197
2228932
1
2247652
2249960
1
2260360
2261546
1
2280958
2281742
1
2349031
2351303
1
2370759
2372088
1
2395112
2398701
1
2418860
2420064
1
2608081
2609463
1
2620519
2621418
1
2691240
2691915
1
2721319
2722041
1
2752141
2753029
1
2773762
2774613
1
2824297
2825180
1
2885085
2885755
1
2927654
2928868
1
2941106
2942291
1
2966059
2967716
1
2994096
2995136
1
3011748
3012532
1
3071661
3072131
1
3121339
3121733
1
3135099
3158698
1
3194308
3194910
1
3224375
3224962
1
3331793
3336259
1
3370468
3371082
1
3389006
3391968
1
3439599
3440255
1
3484360
3493713
1
3719018
3719654
1
3760580
3761311
1
3798453
3799142
1
3822104
3823613
1
3837096
3847150
1
3888766
3890511
1
3902603
3914698
1
3945811
3946431
1
3965387
3967003
1
4076241
4077009
1
4171916
4172760
1
4187300
4196260
1
4229687
4230222
1
4416463
4417158
1
4442129
4443065
1
4577116
4577983
1
4598680
4599386
1
4753518
4755365
1
4934700
4935970
1
4952191
4959695
1
5081324
5082681
1
5103996
5108769
1
5136985
5151131
1
5168275
5170171
1
5203820
5212537
1
5226919
5244522
1
5265589
5279384
1
5304793
5309822
1
5339711
5342377
1
5383994
5405512
1
5444318
5450465
1
5520176
5525042
1
5839170
5839579
1
5975417
5981237
1
6239127
6239861
1
6576976
6577583
1
6676386
6677043
1
6688706
6690056
1
6774440
6774868
1
6916852
6917661
1
6945697
6947093
1
7007859
7009541
1
7038798
7053868
1
7095572
7102654
1
7144445
7149155
1
7226332
7227671
1
7273119
7273721
1
7440317
7441115
1
7549532
7549933
1
7590983
7595774
1
7610759
7624885
1
7641424
7642219
1
7846617
7847753
1
7864901
7865574
1
7950083
7950560
1
8020959
8032938
1
8046947
8048455
1
8119688
8120834
1
8212450
8213269
1
8240028
8240774
1
8309336
8310787
1
8349308
8349916
1
8401885
8408842
1
8612529
8616596
1
8633698
8635078
1
8692918
8705425
1
8906636
8907226
1
9041658
9043109
1
9175672
9176356
1
9246088
9249709
1
9393409
9394402
1
9421638
9422110
1
9457055
9457453
1
9537961
9538366
1
9591749
9592899
1
9605662
9616079
1
9640705
9641839
1
9661927
9663166
1
9778929
9779453
1
9829319
9829641
1
9876346
9887387
1
9966887
9968216
1
10023618
10024347
1
10078185
10078563
1
10903151
10904179
1
11130814
11131572
1
11587883
11588616
1
11651352
11653224
1
11798954
11801211
1
11845205
11846224
1
12023935
12025292
1
12092002
12094376
1
12121193
12129551
1
12242091
12246003
1
12352686
12353738
1
12451897
12462969
1
12551005
12552611
1
12650222
12651136
1
12840157
12841345
1
12859933
12861623
1
12905221
12906087
1
13040212
13040624
1
13115976
13117234
1
13228770
13230039
1
13265940
13266791
1
13338286
13339845
1
13454179
13455686
1
13493884
13495331
1
13778723
13791046
1
13884665
13885346
1
13942302
13954239
1
14104149
14105219
1
14158414
14161636
1
14196016
14201488
1
14228987
14231538
1
14251463
14253525
1
14284859
14286419
1
14317609
14321175
1
14468365
14469478
1
14599757
14602645
1
14926325
14926895
1
15081939
15085927
1
15164870
15166586
1
15434345
15434930
1
15495844
15496208
1
15598931
15599820
1
15671760
15672116
1
15871256
15871882
1
15976891
15979793
1
16267229
16268593
1
16315532
16316688
1
16383667
16384949
1
16431875
16434159
1
16478319
16479560
1
16513342
16527525
1
16578932
16588832
1
16630984
16636506
1
16728833
16730287
1
16821244
16821847
1
16853394
16857859
1
17178983
17179773
1
17251146
17252221
1
17341801
17343648
1
17528833
17535609
1
17621037
17621953
1
17779079
17779801
1
17871310
17877276
1
17959275
17961037
1
17974924
17976297
1
18038175
18039409
1
18159811
18160426
1
18251927
18253087
1
18375838
18379798
1
18428892
18430331
1
18470163
18471310
1
18541959
18543876
1
18568144
18568789
1
18615389
18617085
1
18703502
18704288
1
18719379
18727092
1
18742031
18743127
1
18870652
18872748
1
18962269
18970858
1
19035645
19039242
1
19359517
19360249
1
19528510
19529715
1
19541548
19542202
1
19655873
19656964
1
19871215
19880884
1
19912901
19914757
1
19987510
19988610
1
20235858
20236951
1
20260695
20261309
1
20549323
20550129
1
20618188
20618984
1
20720608
20721173
1
20793366
20794351
1
20841577
20842326
1
20952146
20953059
1
20995149
20996107
1
21024221
21026976
1
21456613
21457690
1
21504339
21505587
1
21707253
21707887
1
21762435
21763658
1
22055626
22056498
1
22073636
22074536
1
22103875
22105172
1
22116084
22116707
1
22199023
22200505
1
22263582
22264322
1
22291595
22292300
1
22658857
22659282
1
22702477
22703311
1
22783150
22784577
1
22866686
22867454
1
22893213
22893837
1
22994619
22995217
1
23102862
23103529
1
23114454
23115380
1
23144528
23145453
1
23230848
23231410
1
23425871
23426467
1
23539621
23540410
1
23567472
23569154
1
23632395
23633997
1
23658581
23659413
1
23696730
23697692
1
23727899
23729086
1
23764850
23765740
1
23816486
23827214
1
23848667
23855634
1
23941736
23942915
1
23953187
23954420
1
24017756
24018611
1
24029741
24030691
1
24044740
24046564
1
24113266
24114134
1
24179498
24180091
1
24275841
24276769
1
24571878
24572650
1
24637213
24648381
1
25016653
25017204
1
25346985
25347692
1
25513740
25514519
1
25668957
25678261
1
25828881
25829537
1
25880332
25881560
1
25905195
25906103
1
25929754
25930905
1
26028074
26028712
1
26040878
26042448
1
26070836
26071902
1
26101614
26102674
1
26216221
26216948
1
26326450
26327731
1
26427359
26428151
1
26455089
26455913
1
26512991
26513839
1
26556225
26557076
1
26626463
26629434
1
26690589
26691260
1
26701558
26702280
1
26733156
26734168
1
26797602
26798765
1
26820132
26833633
1
26862708
26863810
1
26882735
26883399
1
26899293
26901847
1
26916872
26917635
1
26936174
26942025
1
27054310
27054782
1
27132965
27133992
1
27166070
27170461
1
27190032
27190559
1
27400102
27400397
1
27442131
27442840
1
27543846
27544662
1
27629204
27632169
1
27653060
27653922
1
27771641
27772799
1
27842126
27843201
1
27866263
27867329
1
27902794
27903484
1
27935264
27947459
1
27958122
27960326
1
28024864
28026247
1
28075031
28078360
1
28104071
28105100
1
28144165
28145135
1
28174397
28181255
1
28222664
28223827
1
28250027
28250783
1
28317292
28318046
1
28394946
28396433
1
28459028
28459952
1
28516707
28519631
1
28543223
28554745
1
28705480
28706494
1
28728340
28729847
1
28804123
28804849
1
29010660
29011124
1
29085800
29087667
1
29100161
29101112
1
29193824
29195065
1
29220680
29222216
1
29238378
29239508
1
29387886
29389386
1
29450707
29464824
1
29491463
29492593
1
29570472
29571669
1
29583604
29584589
1
29607012
29607407
1
29632136
29647691
1
29714027
29715631
1
29741698
29749090
1
29832211
29833309
1
29897841
29899040
1
29976752
29979239
1
29997082
30021817
1
30039599
30053293
1
30083770
30087188
1
30097480
30102325
1
30117155
30129855
1
30188247
30198040
1
30208653
30210209
1
30225950
30226752
1
30241636
30248465
1
30303197
30304190
1
30323007
30323457
2
1017
10490
2
7305
19273
2
77786
78853
2
94904
95883
2
114978
117369
2
172346
183391
2
213970
214863
2
255497
257286
2
278914
286568
2
322466
325174
2
377214
378699
2
442550
444319
2
698243
699248
2
771405
774066
2
1043582
1044770
2
1335339
1339557
2
1489344
1490253
2
1547626
1548205
2
1704462
1705681
2
1720790
1721356
2
2060109
2060452
2
2215772
2216315
2
2282147
2282732
2
2375733
2381614
2
2394730
2397638
2
2419205
2422857
2
2489504
2491878
2
2561297
2562864
2
2586144
2589219
2
2679289
2680606
2
2800237
2837204
2
2932283
2939137
2
3186721
3189810
2
3239864
3509725
2
3526882
3527709
2
3566056
3571946
2
3584352
3586773
2
3605557
3633457
2
3704599
3706041
2
3761541
3762174
2
3821464
3823256
2
3949871
3950628
2
3973243
3982578
2
4123809
4130586
2
4178197
4179576
2
4293726
4294420
2
4311267
4312022
2
4495761
4499719
2
4576669
4577614
2
4739190
4741475
2
4843685
4844235
2
4895321
4896205
2
4979518
4987679
2
5081387
5083301
2
5104555
5106406
2
5296222
5307347
2
5366917
5367331
2
5783008
5783797
2
6031117
6037669
2
6420839
6420951
2
6529451
6530432
2
6611299
6611979
2
6643687
6644066
2
6666503
6667910
2
6717770
6718950
2
6862620
6864272
2
7113198
7120096
2
7150519
7153172
2
7190933
7231916
2
7279811
7284020
2
7396777
7400042
2
7484958
7496051
2
7508354
7509661
2
7556027
7565295
2
7627139
7628578
2
7655528
7656198
2
7763498
7767874
2
7841912
7842581
2
7918258
7919644
2
7945799
7947239
2
7959979
7960657
2
8026995
8027948
2
8063337
8064488
2
8139920
8140923
2
8336138
8336445
2
8375273
8375805
2
8460682
8471302
2
8550245
8551680
2
8652719
8653814
2
8704546
8706289
2
8736622
8742522
2
8791857
8794204
2
8844823
8845593
2
8901548
8902334
2
8927041
8945220
2
8988332
9005315
2
9046469
9056388
2
9072871
9073530
2
9114158
9115789
2
9154776
9156268
2
9286355
9287140
2
9408571
9413168
2
9541390
9542002
2
9593213
9594090
2
9624931
9625520
2
9645405
9647345
2
9696099
9696935
2
9711393
9711913
2
9830611
9831228
2
10120794
10121935
2
10183379
10186518
2
10238123
10238828
2
10281999
10282911
2
10319437
10320131
2
10341342
10342299
2
10518242
10525219
2
10543262
10544383
2
10565801
10574694
2
10610451
10611584
2
10684177
10684697
2
10722260
10722930
2
10847999
10849993
2
11008655
11009468
2
11318704
11319248
2
11473437
11474286
2
11798664
11810809
2
12066714
12067506
2
12114050
12115865
2
12157653
12158401
2
12222944
12223681
2
12300501
12303991
2
12406764
12407692
2
12483190
12483732
2
12560117
12560921
2
12600885
12601963
2
12668073
12668808
2
12703457
12711228
2
12784486
12785079
2
12872271
12872676
2
13014893
13016107
2
13119587
13122189
2
13201481
13201877
2
13328719
13331476
2
13357204
13358124
2
13408962
13410249
2
13638051
13638679
2
13753921
13754531
2
13794706
13800052
2
13816962
13818261
2
13833335
13834169
2
14006246
14008302
2
14096384
14096918
2
14109955
14110726
2
14221460
14221990
2
14324731
14326436
2
14376740
14377445
2
14393313
14394090
2
14488950
14489391
2
14523197
14523679
2
14748812
14752918
2
14775673
14776621
2
14857080
14857830
2
14883022
14884082
2
14912764
14914584
2
14931153
14933099
2
14964358
14965514
2
15025195
15025809
2
15059579
15060908
2
15075532
15091655
2
15158619
15159538
2
15192341
15193423
2
15558681
15560240
2
15641280
15642449
2
15666497
15667223
2
15860487
15861456
2
15908796
15909890
2
16064450
16064903
2
16098572
16099600
2
16114161
16115268
2
16258495
16260089
2
16303260
16304098
2
16320816
16322158
2
16430389
16432333
2
16562063
16576835
2
16700455
16701198
2
16716750
16718364
2
16745649
16746543
2
16765986
16767365
2
16786374
16786940
2
16803238
16813956
2
16830215
16831357
2
16864913
16865642
2
16956159
16965947
2
16989012
16990497
2
17043498
17044520
2
17120650
17128603
2
17233971
17235246
2
17333572
17334391
2
17367610
17368946
2
17436450
17437903
2
17491334
17493499
2
17530197
17533125
2
17572342
17573427
2
17602679
17603605
2
17618059
17619376
2
17640750
17643578
2
17654600
17655560
2
17715126
17716534
2
17728827
17731125
2
17747885
17748534
2
17776451
17777869
2
17802892
17806456
2
17866643
17867763
2
17902444
17904255
2
17950665
17953675
2
18023977
18027692
2
18072384
18072913
2
18114936
18117065
2
18145511
18147265
2
18202148
18202707
2
18253530
18254884
2
18272029
18273390
2
18305193
18305776
2
18333447
18334939
2
18383381
18384261
2
18422042
18423658
2
18434718
18439419
2
18495243
18496385
2
18563702
18576145
2
18612338
18620305
2
18644527
18645207
2
18669337
18679591
2
18692588
18696949
2
18742828
18744514
2
18770384
18772613
2
18786060
18796924
2
18817815
18822108
2
18897307
18914432
2
18977290
18989874
2
19078904
19080012
2
19096526
19099794
2
19125126
19140570
2
19154388
19155595
2
19385582
19386440
2
19401232
19402516
2
19470231
19473665
2
19530288
19544711
2
19575571
19576529
2
19594247
19602010
2
19615004
19615649
2
19637898
19643348
2
19666664
19667453
3
138009
139789
3
165506
173985
3
220880
222886
3
245369
246466
3
257891
258626
3
270686
280272
3
310023
360894
3
385484
386331
3
397357
398125
3
479028
500021
3
510046
513880
3
560778
562188
3
582528
584144
3
632125
636768
3
723220
730228
3
807196
807714
3
819161
821422
3
844274
844972
3
945661
946924
3
989995
990680
3
1033758
1034512
3
1050748
1051559
3
1077517
1078250
3
1110600
1113681
3
1225962
1226771
3
1240920
1241677
3
1256644
1257119
3
1313236
1315180
3
1339917
1348496
3
1362579
1364126
3
1403550
1403989
3
1477275
1478504
3
1523134
1523881
3
1626072
1627677
3
1797977
1799270
3
1886948
1887825
3
1908705
1909566
3
1980794
1983390
3
2037013
2048761
3
2059513
2060431
3
2103291
2104096
3
2143337
2144099
3
2154589
2156025
3
2206946
2207513
3
2239185
2239831
3
2254595
2264920
3
2284593
2285059
3
2332858
2355369
3
2388782
2389538
3
2405941
2407415
3
2518156
2518978
3
2537217
2537953
3
2620062
2639807
3
2675759
2686586
3
2726865
2727529
3
2747025
2756146
3
2769366
2770931
3
2892769
2904397
3
2923891
2959882
3
2971361
3003202
3
3021840
3024862
3
3085094
3095011
3
3105148
3114337
3
3186135
3187218
3
3205878
3215356
3
3230397
3240038
3
3313801
3315067
3
3325419
3326316
3
3337822
3339276
3
3356684
3360758
3
3372421
3374110
3
3425146
3426725
3
3442613
3443085
3
3467744
3468224
3
3561531
3562407
3
3584121
3586116
3
3660520
3661966
3
3695141
3696332
3
3725981
3726652
3
3920535
3920927
3
3944749
3952262
3
4006871
4007763
3
4029838
4032369
3
4296933
4298127
3
4346826
4353148
3
4405095
4405869
3
4462941
4463675
3
4612717
4613324
3
4658253
4662747
3
4741805
4743912
3
4767581
4769293
3
4832635
4833663
3
4967629
4968640
3
5013719
5015659
3
5025904
5029427
3
5050076
5063773
3
5083395
5084079
3
5121302
5122276
3
5176735
5186714
3
5219120
5219922
3
5248911
5249313
3
5295967
5297586
3
5444469
5445540
3
5462942
5475364
3
5593108
5593758
3
5617035
5617828
3
5692673
5707027
3
5782467
5786189
3
5807006
5813160
3
5892658
5893807
3
5935927
5936799
3
5980494
5981399
3
6093980
6106624
3
6228852
6232851
3
6251440
6252783
3
6267652
6268398
3
6278407
6279155
3
6309175
6310494
3
6324765
6325792
3
6341626
6350649
3
6412100
6413045
3
6479649
6481455
3
6523972
6525457
3
6537026
6538383
3
6560417
6561348
3
6609548
6611299
3
6714627
6715737
3
6750023
6753339
3
6772382
6773393
3
6797373
6799047
3
6815545
6818624
3
6840309
6842277
3
6929920
6931135
3
6942621
6944886
3
6959662
6980167
3
7016422
7017650
3
7045322
7045887
3
7060636
7061397
3
7103254
7104958
3
7155917
7156542
3
7270736
7271624
3
7284965
7285898
3
7342642
7346317
3
7399117
7399799
3
7460165
7460943
3
7474684
7475441
3
7665041
7668538
3
7803615
7808109
3
7829364
7830482
3
7867731
7868437
3
7913148
7918960
3
7952883
7954328
3
7992022
7992843
3
8161092
8162577
3
8517155
8517638
3
8588880
8589717
3
8603277
8612389
3
8642844
8643874
3
8724339
8724972
3
8805751
8807321
3
8917068
8918524
3
8941612
8942490
3
9028566
9029459
3
9154799
9155864
3
9208974
9210008
3
9318337
9319237
3
9358877
9360346
3
9606479
9613168
3
9674419
9675106
3
9722591
9723768
3
9757503
9760282
3
9793686
9794312
3
9949913
9950865
3
10090104
10091003
3
10119079
10120436
3
10318392
10325055
3
11280774
11281603
3
11422999
11423917
3
11527739
11532844
3
11548787
11549145
3
11593205
11601849
3
11617543
11617571
3
11860627
11861871
3
11940460
11941161
3
12067689
12068502
3
12840450
12842149
3
12856414
12864049
3
12923540
12938189
3
12963081
12966180
3
13393417
13394811
3
13409210
13409784
3
13433653
13434532
3
13489179
13489954
3
13533938
13541785
3
13586659
13592745
3
14085252
14086441
3
14147869
14148270
3
14161449
14168646
3
14195586
14202816
3
14255010
14259371
3
14475726
14476203
3
14799147
14799679
3
15091568
15092233
3
15140703
15141109
3
15179504
15180103
3
15194299
15195174
3
15253965
15254443
3
15557294
15557968
3
15597335
15600269
3
15813255
15813959
3
16084327
16085002
3
16271717
16273172
3
16356655
16357355
3
16403161
16404404
3
16503067
16504502
3
16689168
16689701
3
16750008
16751002
3
16795044
16795498
3
16848063
16849694
3
17041927
17043371
3
17123827
17138083
3
17181643
17184386
3
17465432
17473059
3
17636381
17653849
3
17672869
17681908
3
17771316
17773361
3
17974942
17976539
3
18001772
18002865
3
18013294
18013878
3
18031411
18039944
3
18155665
18156586
3
18192590
18193576
3
18249742
18250858
3
18303175
18307960
3
18372640
18373094
3
18413509
18414246
3
18468191
18469146
3
18501530
18501987
3
18558178
18559077
3
18648288
18649319
3
18665209
18666526
3
18677186
18683865
3
18806426
18808158
3
18836627
18836988
3
18891013
18892131
3
18929571
18938667
3
18952782
18953672
3
19007798
19008464
3
19040118
19042209
3
19105663
19107377
3
19173599
19174559
3
19190096
19191043
3
19209907
19210925
3
19284277
19289264
3
19311254
19318397
3
19440904
19442296
3
19465576
19475923
3
19507562
19511545
3
19534407
19536018
3
19627296
19628479
3
19698136
19699315
3
19745018
19746120
3
19789128
19791441
3
19822399
19823231
3
19847727
19849029
3
19908732
19909930
3
19921326
19922450
3
19933035
19935086
3
19945536
19947961
3
19975473
19977349
3
20105253
20105913
3
20136404
20138963
3
20227997
20229414
3
20246398
20247400
3
20322111
20322785
3
20339932
20340488
3
20359674
20366951
3
20424956
20435516
3
20470609
20471344
3
20604827
20605798
3
20673510
20674028
3
20718017
20718686
3
20754172
20755007
3
20784598
20785872
3
20803366
20803992
3
20817038
20830269
3
20849849
20850597
3
20932326
20932779
3
21018285
21020352
3
21054689
21055150
3
21155264
21156041
3
21311274
21321400
3
21370891
21381046
3
21403844
21406162
3
21419894
21422468
3
21437928
21442682
3
21489579
21490393
3
21515903
21517335
3
21680385
21681184
3
21711280
21711732
3
21790151
21790808
3
21998373
21999327
3
22143100
22144277
3
22154459
22155563
3
22254517
22255781
3
22279641
22280408
3
22294058
22295389
3
22330000
22342985
3
22410315
22411970
3
22453813
22454807
3
22465665
22466557
3
22481872
22486303
3
22499436
22507099
3
22533696
22537041
3
22565311
22566901
3
22606460
22607428
3
22687899
22703063
3
22718749
22719695
3
22772592
22774917
3
22785878
22787667
3
22804283
22806272
3
22857995
22859617
3
22879882
22881659
3
22905869
22907978
3
22929142
22930128
3
22956246
22961283
3
23014177
23033004
3
23054195
23059098
3
23079940
23080767
3
23173458
23174544
3
23185551
23195799
3
23220161
23221286
3
23242791
23251148
3
23300241
23302854
3
23315271
23316307
3
23326793
23347643
3
23370763
23387672
3
23398755
23422317
3
23444116
23450459
4
149042
150446
4
299041
301646
4
343976
347269
4
409574
413689
4
428691
430093
4
461707
463480
4
516667
519364
4
534213
539870
4
630342
636945
4
801367
811312
4
838644
843801
4
866108
868357
4
898334
899934
4
922861
947109
4
1060012
1061987
4
1072265
1073564
4
1088209
1088847
4
1286365
1287091
4
1306339
1316876
4
1336913
1337942
4
1431079
1431806
4
1545513
1546261
4
1586037
1586359
4
1806596
1807661
4
1889478
1890272
4
2002862
2010725
4
2172842
2173548
4
2351416
2351953
4
2365565
2366067
4
2873986
2880834
4
3053304
3061323
4
3103107
3103511
4
3280540
3280975
4
3396678
3397902
4
3543670
3549418
4
3572803
3582410
4
3608535
3609247
4
3621979
3628598
4
3651023
3653021
4
3685648
3694223
4
3787604
3797175
4
3902899
3905709
4
3947444
3955910
4
3982433
3982621
4
3993791
3994993
4
4019900
4024737
4
4073786
4074916
4
5017299
5025905
4
5065553
5070455
4
5339048
5339936
4
5375708
5389703
4
5468756
5470416
4
5564220
5565743
4
5784584
5785354
4
5839772
5840577
4
5984243
5985041
4
6083436
6084256
4
6201244
6201746
4
6298582
6299255
4
6618514
6619776
4
6838946
6839800
4
6854266
6854854
4
6872351
6873289
4
7058007
7058550
4
7220511
7221106
4
7276341
7277081
4
7304354
7305659
4
7386210
7386628
4
7491855
7493303
4
7559163
7559705
4
7754761
7759837
4
7858315
7859692
4
7965625
7966437
4
8054644
8055470
4
8104109
8104774
4
8231486
8232825
4
8244976
8245495
4
8306806
8307607
4
8516105
8523334
4
8654956
8656127
4
9057374
9057854
4
9128795
9129418
4
9151953
9152414
4
9176749
9177725
4
9246396
9249041
4
9330063
9330994
4
9341195
9341733
4
9367400
9368336
4
9386106
9393532
4
9467706
9468599
4
9594518
9595192
4
9699784
9700212
4
9724784
9726242
4
10047283
10047927
4
10122095
10122729
4
10143321
10144021
4
10275225
10278336
4
10318801
10319202
4
10414614
10415006
4
10481879
10483571
4
10637116
10637764
4
10781300
10791474
4
10995989
10996732
4
11022568
11023836
4
11037002
11037867
4
11110784
11111893
4
11126075
11130993
4
11216930
11218538
4
11277709
11278486
4
11338537
11344513
4
11406785
11410373
4
11626935
11627574
4
11669342
11670198
4
11742088
11742795
4
11766537
11766931
4
11785390
11785869
4
11816871
11817781
4
11851900
11852380
4
11878232
11890763
4
11941809
11942910
4
11984245
11985187
4
12127373
12128132
4
12141311
12142088
4
12299943
12300353
4
12377149
12377580
4
12488334
12488955
4
12600616
12606237
4
12666722
12667956
4
12689443
12690126
4
12872262
12872956
4
12985727
12986461
4
13027446
13028289
4
13047240
13068901
4
13136103
13137032
4
13224509
13227748
4
13240216
13241221
4
13320567
13321519
4
13362242
13366790
4
13388179
13396177
4
13446471
13446874
4
13581498
13582819
4
13627249
13629165
4
13679934
13680773
4
13822518
13822917
4
13871236
13871959
4
13922610
13924687
4
13996525
13997382
4
14015876
14027249
4
14039650
14040409
4
14078080
14079615
4
14126288
14126711
4
14145295
14147297
4
14162138
14163214
4
14379680
14380299
4
14392030
14393358
4
14438804
14439633
4
14528579
14529215
4
14591505
14601205
4
14658502
14659145
4
14991779
14992483
4
15031560
15032181
4
15105095
15107079
4
15135532
15143165
4
15173026
15174821
4
15205143
15205963
4
15295047
15295522
4
15331011
15331514
4
15350836
15351390
4
15444399
15445469
4
15552193
15555799
4
15589698
15600647
4
15662840
15663589
4
15678829
15679328
4
15948424
15949181
4
16035761
16037176
4
16079812
16080269
4
16091878
16092389
4
16280136
16280871
4
16300426
16301245
4
16387188
16387747
4
16427414
16428143
4
16483056
16483898
4
16560263
16560714
4
16608367
16610917
4
16639726
16644567
4
16657942
16659160
4
16684402
16684982
4
16779124
16779607
4
16814992
16815645
4
16838604
16840628
4
16961595
16962593
4
17040082
17050142
4
17122474
17130861
4
17147342
17147970
4
17284735
17285513
4
17306184
17307366
4
17380198
17381388
4
17475347
17475970
4
17572907
17573390
4
17692121
17696041
4
17791439
17792199
4
17813068
17814568
4
17895651
17945328
4
17955418
17956983
4
17988127
17990632
4
18022426
18049173
4
18064619
18084462
4
18134086
18135654
4
18166349
18167285
4
18213243
18217227
4
18296280
18296739
4
18325181
18326027
4
18353877
18354654
4
18383023
18386791
4
18401740
18405728
4
18437733
18438645
4
18479933
18481023
4
18526604
18531356
4
18576304
18577409
5
1128
1842
5
85237
86120
5
147397
148254
5
171454
173577
5
208848
215339
5
240857
243393
5
254221
275286
5
310365
325203
5
339009
344836
5
359021
359929
5
375536
377127
5
435421
437327
5
550300
555256
5
583053
583616
5
616418
617540
5
642589
657553
5
725249
726076
5
771803
772774
5
791657
792531
5
811315
812109
5
853233
855617
5
871739
872822
5
965868
967310
5
978531
979729
5
1091212
1092008
5
1212453
1217116
5
1318819
1319617
5
1336784
1337476
5
1354206
1355094
5
1449187
1449650
5
1549780
1558058
5
1591649
1593000
5
1623030
1632579
5
1713255
1713874
5
1746735
1748128
5
1816632
1817632
5
1835033
1836700
5
1953195
1954522
5
1972714
1973710
5
2127313
2128412
5
2205861
2206763
5
2216874
2218012
5
2363734
2364481
5
2455566
2463795
5
2478209
2479200
5
2537961
2552106
5
2665223
2668587
5
2689470
2692233
5
2766749
2770338
5
2818756
2824485
5
2836466
2836938
5
2858538
2859165
5
2925996
2926933
5
2938427
2939239
5
2960661
2965406
5
3003535
3004693
5
3032480
3033400
5
3133546
3134273
5
3252981
3253367
5
3333577
3335603
5
3370380
3371229
5
3398743
3404113
5
3426201
3426821
5
3438665
3440082
5
3632149
3632716
5
3708053
3709502
5
3727571
3728806
5
3770446
3779118
5
3814277
3814681
5
3831623
3832624
5
3877777
3879639
5
3916094
3918236
5
3931480
3932097
5
3988200
3989551
5
4036818
4038658
5
4056832
4071291
5
4094477
4101473
5
4173457
4174740
5
4214401
4223519
5
4246355
4249961
5
4292441
4294306
5
4343311
4348699
5
4370546
4373112
5
4402814
4403772
5
4423883
4425900
5
4445091
4447450
5
4468706
4470968
5
4488505
4490203
5
4514527
4527333
5
4550706
4568492
5
4602443
4603357
5
4652795
4655014
5
4687369
4708358
5
4756043
4757085
5
4787161
4788458
5
4805772
4806729
5
4826774
4839320
5
4897017
4897532
5
4937634
4938894
5
5005669
5006657
5
5161558
5162702
5
5196687
5197974
5
5252542
5253647
5
5332229
5332836
5
5344542
5365910
5
5396972
5397619
5
5432126
5433284
5
5559155
5559758
5
5615466
5616218
5
5764397
5765911
5
5810907
5812582
5
5824410
5826994
5
5852431
5853164
5
5953608
5956382
5
6194174
6195709
5
6234910
6249337
5
6361744
6363332
5
6412321
6415811
5
6485610
6486583
5
6511826
6512943
5
6529529
6531165
5
6545328
6558276
5
6606140
6609615
5
6833650
6838032
5
6861097
6862104
5
6882276
6884218
5
6898889
6900781
5
6947823
6948887
5
6963339
6974432
5
7040013
7040652
5
7050794
7051563
5
7080112
7081085
5
7103280
7104666
5
7308061
7316178
5
7400172
7406206
5
7524769
7529931
5
7580531
7581361
5
7667959
7679170
5
7830320
7831095
5
7880962
7882149
5
8005251
8006345
5
8076718
8077707
5
8133103
8133929
5
8282506
8285309
5
8371939
8372700
5
8466457
8468552
5
8516786
8518051
5
8588905
8590290
5
8615814
8616863
5
8642018
8649747
5
8687340
8688194
5
9004298
9005167
5
9038788
9053747
5
9121930
9122724
5
9151453
9152631
5
9251447
9253112
5
9477770
9486229
5
9561872
9562580
5
9683972
9685422
5
9894464
9895394
5
9943830
9944555
5
9956994
9957565
5
10049829
10056286
5
10585330
10586462
5
10639201
10640368
5
10836495
10836603
5
11136991
11137993
5
11185065
11185453
5
11197075
11202757
5
11353036
11353725
5
11429296
11432746
5
11559261
11559467
5
11627316
11628888
5
11705273
11709270
5
11723320
11745241
5
11982741
11983737
5
12088083
12088639
5
12107701
12110573
5
12136500
12147118
5
12191149
12191915
5
12204302
12205404
5
12347701
12347966
5
12386602
12387179
5
12399184
12400211
5
12752333
12761160
5
12775240
12777397
5
13000003
13000613
5
13071899
13074130
5
13124576
13125572
5
13144866
13145995
5
13186056
13187053
5
13348523
13349296
5
13369507
13370303
5
13476138
13477159
5
13713166
13719207
5
13750378
13750851
5
13782151
13783352
5
13949192
13950608
5
14282014
14282977
5
14729371
14731527
5
14851879
14853793
5
14912939
14914062
5
14952648
14953456
5
15056842
15059429
5
15608865
15617905
5
15815049
15815873
5
15843910
15844840
5
16026193
16026910
5
16059649
16060733
5
16161666
16164079
5
16225321
16226438
5
16298150
16299701
5
16407222
16407846
5
16424005
16424704
5
16489630
16495538
5
16536685
16537799
5
16635387
16636138
5
16779769
16786420
5
16802342
16803259
5
16819080
16836800
5
16973438
16974711
5
16984964
16986003
5
17097470
17099471
5
17130527
17131346
5
17154680
17155470
5
17170223
17171291
5
17224904
17226276
5
17256228
17257631
5
17393501
17395235
5
17519029
17519948
5
17589743
17591618
5
17715781
17717621
5
17855092
17860413
5
18020292
18021224
5
18420853
18420925
5
18459399
18460213
5
18762821
18763494
5
18839963
18843137
5
18907690
18908221
5
19002578
19003664
5
19107230
19107932
5
19168193
19175566
5
19235925
19244958
5
19289879
19309049
5
19339833
19342272
5
19357496
19358126
5
19378588
19381881
5
19584027
19584940
5
19618383
19619167
5
19812495
19812960
5
20111530
20112109
5
20137448
20138076
5
20166988
20168521
5
20220588
20221175
5
20467114
20467886
5
20500924
20501466
5
20804720
20805347
5
20849833
20851178
5
20911675
20912863
5
20939912
20940508
5
21000460
21001172
5
21094031
21095631
5
21106042
21107538
5
21216915
21218064
5
21307523
21309103
5
21452982
21453535
5
21483279
21483947
5
21633941
21644603
5
21798184
21798791
5
21828977
21829735
5
21869921
21870745
5
21936941
21940769
5
22040956
22041822
5
22161491
22162355
5
22311443
22312845
5
22389446
22390338
5
22494775
22496168
5
22544936
22546612
5
22594686
22595371
5
22688364
22697439
5
22715411
22715923
5
22758745
22759521
5
23056357
23062553
5
23097396
23098208
5
23181932
23182789
5
23275021
23276681
5
23321870
23322774
5
23344765
23345360
5
23384267
23385862
5
23449898
23450565
5
23483446
23489750
5
23500231
23503480
5
23530174
23534824
5
23582104
23583630
5
23599575
23601188
5
23621847
23627329
5
23641996
23644233
5
23655141
23656987
5
23722289
23725521
5
23799950
23808354
5
23895507
23896665
5
23998372
24000219
5
24062424
24073259
5
24095627
24098727
5
24126397
24149306
5
24230508
24232216
5
24316984
24324203
5
24480812
24481459
5
24565884
24568275
5
24602119
24602950
5
24677111
24677638
5
24866678
24867455
5
24960031
24960682
5
24973118
24973722
5
24988517
24989715
5
25109951
25120699
5
25317519
25321859
5
25379226
25381087
5
25410001
25410561
5
25525363
25526407
5
25541886
25546369
5
25563070
25574906
5
25647841
25651192
5
25692469
25693400
5
25703814
25708281
5
25719468
25720228
5
25737832
25738704
5
25750822
25751418
5
25763021
25764057
5
25808904
25811597
5
25836641
25837814
5
25928295
25929223
5
25944430
25945299
5
25986794
25987987
5
26189806
26190499
5
26227063
26228256
5
26261832
26263453
5
26282902
26295160
5
26394798
26396365
5
26418433
26419437
5
26433152
26438890
5
26453300
26459538
5
26476261
26477388
5
26496171
26501846
5
26518576
26519982
5
26536037
26552766
5
26564913
26572872
5
26647534
26648642
5
26661013
26662207
5
26698438
26699470
5
26749802
26751150
5
26821277
26823973
5
26842634
26849848
5
26872077
26874465
5
26911099
26914838
5
26927304
26927915
5
26967282
26969487
