Chromosome
Start
End
1
728
1042
1
17150
17397
1
155026
155370
1
187390
187631
1
245879
246115
1
267062
267228
1
325343
325534
1
359904
360073
1
387374
387599
2
12536
12754
2
34926
35191
2
123051
123431
2
289293
289470
2
323344
323429
2
341761
341916
2
372964
373178
2
457055
457317
3
1415
1652
3
65130
65365
3
100125
100450
3
107964
108290
3
110987
111119
3
112625
112798
3
121712
121891
3
206436
206601
3
235774
235880
3
284246
284414
3
347988
348269
3
405822
406042
3
440941
441145
3
462628
462815
3
500988
501185
4
147
482
4
2429
2681
4
13693
13840
4
49047
49288
4
57929
58063
4
140068
140283
4
188006
188235
4
202061
202327
4
204923
204958
4
269225
269273
4
289312
289723
4
316707
316830
4
349416
349690
4
450130
450273
4
450329
450477
5
604
847
5
11903
12309
5
47248
47599
5
65482
65710
5
70682
70883
5
106300
106542
5
137866
138083
5
159089
159270
5
182978
183126
5
219116
219362
5
242609
243008
5
257581
257756
5
307592
307737
5
314840
315076
5
415667
415814
5
415824
415860
5
544579
544777
5
584956
585088
5
601321
601620
5
641254
641491
6
354
684
6
116533
116718
6
135703
135955
6
148224
148455
6
199792
200024
6
285933
286107
6
340282
340484
6
409161
409421
6
418302
418503
6
444368
444600
6
471720
472032
6
484879
485066
6
537355
537524
6
677186
677471
6
822648
822950
6
854809
855109
6
897332
897576
7
357
742
7
1369
1434
7
1879
2048
7
31031
31262
7
62319
62573
7
62665
62880
7
67145
67372
7
230023
230264
7
399355
399565
7
405701
405933
7
486165
486299
7
561571
561818
7
603212
603476
7
650828
651049
7
674141
674321
7
770672
770894
7
785395
785608
7
794070
794296
7
894937
895101
7
910591
910857
8
523
900
8
1971
2202
8
56932
57138
8
77005
77193
8
133707
133782
8
155793
155988
8
160138
160346
8
185806
186045
8
232683
232952
8
332230
332382
8
340778
340990
8
390488
390720
8
433274
433562
8
441847
442082
8
554718
554974
8
657244
657486
8
747381
747604
8
815067
815256
8
851157
851387
8
860698
860880
8
866599
866750
8
936610
936791
8
955216
955483
9
136
484
9
1530
1854
9
55901
56035
9
117605
117885
9
162598
162718
9
217237
217515
9
343823
344156
9
369606
369818
9
448861
449108
9
454656
454702
9
500573
500769
9
566761
567059
9
621669
621878
9
656431
656626
9
694507
694546
9
695342
695437
9
710099
710255
9
712420
712692
9
732483
732663
9
761805
762080
9
875628
875824
9
912650
912863
9
969268
969607
9
970173
970353
9
987994
988168
9
1017317
1017586
9
1058463
1058649
9
1088418
1088483
10
611
1012
10
23712
23991
10
40508
40792
10
101576
101622
10
108242
108414
10
109843
110097
10
180039
180242
10
269155
269420
10
296120
296373
10
363547
363754
10
364504
364706
10
378150
378341
10
408164
408342
10
422210
422394
10
425590
425736
10
474981
475222
10
497892
498175
10
501735
501985
10
533901
534125
10
608717
609004
10
696519
696741
10
742878
743069
10
837627
837833
10
838188
838377
10
917218
917353
10
970222
970527
10
1034354
1034547
10
1040044
1040323
10
1107856
1108003
10
1178879
1179372
10
1192438
1192687
11
332
670
11
1332
1403
11
2754
2888
11
37364
37681
11
38364
38536
11
82651
82798
11
185408
185568
11
231858
232043
11
233551
233813
11
243729
243892
11
254565
254757
11
314216
314451
11
391166
391372
11
504798
505044
11
527143
527443
11
531039
531231
11
621116
621423
11
641689
641904
11
670153
670366
11
762570
762664
11
778936
779137
11
840218
840489
11
846558
846820
11
867044
867099
11
874216
874428
11
904496
904803
11
949155
949400
11
1023113
1023296
11
1073943
1074241
11
1117755
1117940
11
1152867
1153097
11
1205630
1205814
11
1265257
1265509
12
117
346
12
7530
7732
12
53064
53355
12
110194
110391
12
147420
147608
12
181029
181178
12
215376
215581
12
290761
290990
12
359511
359818
12
391684
391937
12
399143
399260
12
436918
437086
12
499466
499530
12
599314
599498
12
615031
615300
12
672315
672559
12
725573
725932
12
736150
736350
12
785388
785578
12
792198
792430
12
880790
880976
12
979093
979358
12
1008170
1008334
12
1028144
1028353
12
1053029
1053200
12
1094972
1095210
12
1160754
1161027
12
1185417
1185615
12
1191606
1191773
12
1198964
1199342
12
1201270
1201440
12
1208379
1208526
12
1218774
1218908
12
1254647
1254881
12
1328143
1328300
12
1408051
1408168
12
1431666
1431842
12
1451547
1451657
12
1452128
1452450
13
8095
8328
13
100947
101135
13
229441
229676
13
309383
309788
13
452482
452725
13
483607
483991
13
524356
524566
13
595467
595793
13
667515
667662
13
707826
708053
13
811421
811485
13
829455
829672
13
853506
853752
13
977894
978127
13
1183183
1183507
13
1199193
1199423
13
1272920
1273121
