Chromosome
start
end
1
650
1791
1
6136
7136
1
7998
8548
1
9775
10485
1
16855
17565
1
30946
31184
1
40716
43300
1
70258
70491
1
98769
105769
1
124350
124599
1
136900
137900
1
146703
147690
1
159906
160127
1
162000
170000
1
176154
176402
1
197385
198095
1
202769
209769
1
214879
215635
1
222871
224037
1
226100
227000
1
229635
230208
2
39
686
2
6123
7127
2
28933
29152
2
38623
39068
2
63186
63421
2
70650
73350
2
80201
81401
2
93410
93811
2
95377
97400
2
99765
100829
2
121302
136302
2
142868
144016
2
170049
170298
2
177529
177877
2
187205
187915
2
198193
198434
2
209187
210063
2
221842
236842
2
237644
237879
2
238849
253849
2
254890
255136
2
258430
259601
2
262978
269978
2
279083
279847
2
283015
283913
2
292854
294054
2
296000
306000
2
308406
309606
2
326099
326335
2
341918
343118
2
358898
373898
2
378434
379194
2
389245
390368
2
407831
408064
2
417739
418035
2
440859
441697
2
477783
479267
2
486661
486909
2
497650
499350
2
503701
505102
2
516805
517805
2
539137
539699
2
543600
553600
2
582650
584350
2
591424
591713
2
611269
613200
2
622625
622894
2
627135
627845
2
631934
632246
2
675947
676667
2
687531
702531
2
704250
704521
2
707158
708262
2
720601
721038
2
724546
739546
2
741512
741802
2
757390
757621
2
760355
761713
2
773918
774348
2
792116
792340
2
796259
797162
2
801930
802617
2
810493
813067
3
837
1551
3
3814
5892
3
11145
11401
3
11303
14854
3
14574
14849
3
14870
15213
3
15213
16274
3
30199
30657
3
39158
39706
3
53807
55007
3
74457
74677
3
81000
89000
3
108775
109291
3
114314
114933
3
131978
132322
3
137843
138897
3
138948
153948
3
159363
166363
3
166494
167340
3
192527
193643
3
194256
194505
3
197369
197601
3
199935
200645
3
203876
207534
3
222963
224792
3
224807
225053
3
261680
262880
3
272844
273088
3
292524
292826
3
294396
295027
3
304363
311363
3
315346
316232
4
137
1392
4
7596
11052
4
15492
15739
4
21265
22262
4
46181
46237
4
50245
50955
4
85945
86177
4
95435
96145
4
100380
101355
4
123617
123902
4
137445
137808
4
157744
158235
4
169101
170301
4
212420
212669
4
212806
227806
4
232140
232618
4
235935
236184
4
253789
254038
4
256029
257132
4
316719
317111
4
329564
329813
4
350835
351804
4
357806
359006
4
384232
385432
4
408070
408312
4
435056
435388
4
443318
444447
4
462430
462700
4
476003
477577
4
483846
484091
4
505336
505578
4
555224
555461
4
567490
567737
4
603407
618407
4
629072
629669
4
639859
640108
4
641291
648291
4
689045
689755
4
702879
703125
4
719873
721227
4
731940
746940
4
748384
748630
4
753159
753391
4
763412
764716
4
774291
781291
4
783453
798453
4
806044
806270
4
812961
827961
4
832409
834359
4
844597
845593
4
858640
859840
4
875791
882791
4
898253
899887
4
903824
904655
4
913780
914029
4
921682
921930
4
942983
943975
4
954024
955224
4
970250
980250
4
987000
995000
4
1016624
1016922
4
1021545
1022255
4
1033069
1034182
4
1057828
1058076
4
1109955
1110196
4
1130672
1131155
4
1132291
1139291
4
1159250
1159499
4
1165998
1166221
4
1199800
1209800
4
1240869
1241098
4
1274655
1275365
4
1276212
1276440
4
1302579
1302819
4
1305246
1306801
4
1307650
1308850
4
1353494
1353667
4
1355087
1356599
4
1379198
1380752
4
1385151
1385630
4
1404277
1404512
4
1428935
1429645
4
1447298
1448928
4
1454012
1455590
4
1461849
1462161
4
1468121
1469948
4
1469966
1471048
4
1486905
1487149
4
1495291
1502291
4
1502624
1503221
4
1505300
1507153
4
1522298
1526152
4
1530848
1531802
5
23
1144
5
4097
4185
5
6464
7230
5
8786
10019
5
11713
12194
5
17067
19023
5
59282
59516
5
67665
68709
5
93977
94218
5
108553
110467
5
145539
145782
5
164051
165251
5
173636
173874
5
183823
184697
5
192493
192926
5
212381
212630
5
255623
256957
5
276127
276526
5
278073
278355
5
287504
287750
5
301565
302061
5
316043
317307
5
353504
353751
5
406747
406949
5
418015
418725
5
429861
431061
5
438929
439178
5
442412
442731
5
477886
484886
5
498417
499343
5
502951
517951
5
520767
521025
5
549560
549809
5
559886
566886
5
569020
570085
5
575573
576817
6
23
1527
6
5435
6155
6
12174
13028
6
18682
19864
6
19669
20826
6
32472
32995
6
32666
33247
6
51814
55080
6
61781
62981
6
68690
68869
6
95000
103000
6
104456
104695
6
118631
118952
6
127745
128066
6
135979
136080
6
167606
168041
6
199382
199493
6
216344
216692
6
228091
243091
6
253316
253800
6
256263
256418
6
268255
268965
6
269404
270022
7
23
778
7
6261
8789
7
17629
18112
7
22647
29647
7
31980
34434
7
64279
64528
7
68830
70170
7
112080
112319
7
114385
115095
7
117471
117955
7
163180
163447
7
165725
167856
7
170773
172017
7
187241
187651
7
203917
204159
7
231909
231984
7
240972
241441
7
266526
267726
7
268879
270680
7
274818
275367
7
285951
286246
7
287952
289013
7
318745
319455
7
330395
345395
7
352695
352917
7
388658
388892
7
421093
421342
7
456272
457472
7
479993
482537
7
484932
485160
7
508729
508978
7
534750
544750
7
552053
553847
7
568490
568738
7
574622
574916
7
574978
576840
7
580930
582707
7
591600
592800
7
607176
607619
7
620243
622517
7
626577
627912
7
653611
654091
7
659809
660054
7
715273
715556
7
735570
750570
7
765451
766651
7
777967
778216
7
795134
796306
7
800891
802091
7
834492
834736
7
845923
848287
7
855121
870121
7
882813
883747
7
888350
888599
7
916675
917170
7
969741
970941
7
977730
977979
7
999448
999695
7
1002182
1002571
7
1004198
1006102
7
1033147
1040147
7
1063254
1063715
7
1073298
1074352
7
1082959
1084336
7
1089548
1090902
8
23
1245
8
5158
6168
8
7534
7782
8
9711
11566
8
45589
46076
8
56650
59172
8
64255
64489
8
77690
78890
8
87472
89452
8
94759
95192
8
111293
111766
8
115683
117257
8
133347
133591
8
134268
135517
8
140340
141265
8
168531
168773
8
192459
193659
8
197814
199014
8
213179
213861
8
214885
215595
8
218344
219498
8
245719
245968
8
253470
268470
8
279858
281058
8
286650
287981
8
296882
297475
8
344375
345085
8
359469
359928
8
363335
370335
8
380153
382157
8
392148
392391
8
406012
406508
8
447619
447853
8
451493
453397
8
474309
474793
8
501751
501992
8
504563
505207
8
520016
520630
8
535403
535836
8
550163
551317
8
553135
553845
8
555996
556327
8
561013
562587
9
23
2400
9
6794
9748
9
10094
11992
9
15901
19066
9
30065
31646
9
33335
33803
9
50806
52259
9
73803
74220
9
80058
80557
9
105821
106048
9
112737
114306
9
136094
136335
9
162936
163302
9
175034
175355
9
179591
186591
9
189523
190747
9
197187
198387
9
201591
208591
9
214675
214826
9
216591
223591
9
224943
227297
9
230258
245258
9
245694
245932
9
247579
247800
9
247893
249347
9
279618
280818
9
307699
309073
9
310583
311070
9
313359
314533
9
320853
324347
9
327348
328548
9
341853
342096
9
357156
357393
9
362421
363718
9
405633
407617
9
411817
412053
9
432496
432994
9
437553
439847
10
64
577
10
7444
7943
10
16123
16762
10
23661
24158
10
44433
51433
10
67467
67949
10
99359
99796
10
113226
113828
10
120693
121777
10
134000
144000
10
161435
161860
10
167433
174433
10
203729
204614
10
204755
219755
10
228248
228740
10
248600
249300
10
268050
269250
10
298471
298952
10
301433
308433
10
324821
326021
10
336976
337225
10
353463
355722
10
374575
374818
10
375401
375923
10
405545
406255
10
416888
417134
10
442248
442658
10
454276
455248
10
459029
459588
10
469670
479670
10
501595
502525
10
540239
540474
10
609000
609750
10
612542
612975
10
627618
628818
10
643813
644767
10
654069
654309
10
683328
683817
10
701663
702677
10
711590
711837
10
713860
723860
10
729677
730208
10
736728
736970
10
744102
744703
11
23
2746
11
7397
9007
11
15455
16165
11
16262
31262
11
42110
42563
11
55670
55917
11
88291
89789
11
98329
98568
11
113073
115127
11
145433
145893
11
152934
153173
11
163723
164287
11
169021
170221
11
196038
196284
11
199886
200537
11
213080
213385
11
235293
236577
11
257390
257839
11
302152
302524
11
313669
314957
11
326153
327067
11
329322
329571
11
333114
334557
11
343388
345027
11
381210
382623
11
388607
388902
11
416822
417055
11
444561
445028
11
447657
447892
11
454453
459197
11
462033
463697
11
467721
468921
11
500415
501125
11
516653
516902
11
519333
520547
11
530070
530560
11
560925
561635
11
581468
581706
11
583883
585091
11
611874
612107
11
616672
618133
11
632003
634377
11
642355
642602
11
658278
666417
12
23
2077
12
5107
7993
12
10642
13971
12
28749
32505
12
51860
52210
12
70574
72392
12
76711
77163
12
91417
91659
12
93166
93659
12
139293
140447
12
150914
151421
12
156646
156883
12
170108
171308
12
179332
194332
12
197913
199417
12
222410
222792
12
231179
231422
12
243527
243960
12
278304
285304
12
289220
289469
12
295693
296893
12
312000
320000
12
343577
344033
12
373156
373400
12
384035
385226
12
412668
412897
12
418855
419565
12
426942
441942
12
450485
450726
12
458826
459141
12
460225
460935
12
466233
468907
12
493903
494987
12
512868
513117
12
595804
602804
12
602938
603155
12
606423
607627
12
612500
622500
12
622672
623123
12
637013
639757
12
644937
645426
12
659823
660072
12
687249
687738
12
720284
721918
12
730275
730832
12
744942
745179
12
748375
749534
12
768982
771133
12
785588
786917
12
794020
794269
12
806063
806787
12
821907
822336
12
838103
839237
12
848630
863630
12
865637
880637
12
888569
888810
12
919299
921493
12
928051
928540
12
930388
931561
12
947908
948358
12
972200
982200
12
1007180
1007470
12
1013789
1014017
12
1016304
1023304
12
1023967
1024207
12
1042798
1043952
12
1052304
1059304
12
1059486
1059919
12
1062398
1065752
12
1070198
1071952
12
1077198
1078102
13
23
1261
13
4983
7702
13
8791
10699
13
23852
25691
13
31687
31935
13
39922
40355
13
44666
45681
13
49645
50141
13
50257
65257
13
73874
74373
13
94216
94463
13
111844
113013
13
137299
137548
13
158846
159279
13
183793
184037
13
198000
208000
13
227023
227487
13
263062
263296
13
268223
269987
13
277965
278675
13
286782
287067
13
289203
290548
13
305792
320792
13
339413
340377
13
341313
342207
13
370976
371221
13
372017
373196
13
394800
396000
13
416373
418127
13
420429
421629
13
432851
433347
13
468177
468468
13
477105
478800
13
480233
483637
13
489950
491960
13
503346
504087
13
535595
535843
13
542380
543477
13
554392
554750
13
568128
569097
13
569500
577500
13
611273
611488
13
634479
634714
13
649307
649551
13
688766
689221
13
723574
730574
13
758222
758470
13
759074
766074
13
772629
772878
13
778857
793857
13
805116
805338
13
815341
815567
13
836823
838167
13
865288
865683
13
878619
879115
13
897804
898040
13
918073
919137
13
922023
924397
14
50
2241
14
6282
10914
14
13998
16375
14
28467
28699
14
28756
43756
14
61597
61894
14
84295
85005
14
89528
89802
14
94299
95721
14
95745
96961
14
111000
121000
14
126488
126981
14
136575
137285
14
151280
166280
14
169566
169804
14
172784
187784
14
196055
196291
14
234458
235658
14
250259
250506
14
252383
254147
14
279875
280108
14
321917
322210
14
324551
325764
14
342963
344117
14
352509
352996
14
357215
357925
14
358745
359455
14
412263
412493
14
415731
416931
14
430969
437969
14
449343
449588
14
451838
466838
14
498987
499232
14
512969
519969
14
545966
546201
14
550890
560890
14
561106
561384
14
567715
569020
14
573000
581000
14
586688
587888
14
609458
609706
14
615807
617621
14
635660
635901
14
648876
663876
14
675502
676702
14
691482
691727
14
703843
705667
14
713642
714136
14
731085
731795
14
734135
734845
14
738550
738982
14
764001
764500
14
769969
776969
14
781453
784287
15
23
2646
15
9761
12672
15
18367
20227
15
22523
24675
15
35667
35903
15
37750
52750
15
72636
72872
15
74000
84000
15
85195
85444
15
103253
104167
15
113843
114084
15
128922
130182
15
154972
155462
15
159203
160567
15
166974
167220
15
227481
228117
15
237752
252752
15
268585
269295
15
277529
277778
15
308969
309462
15
331493
332707
15
337279
337528
15
347633
348862
15
353743
354887
15
371693
372627
15
397773
399037
15
436732
436966
15
444823
446117
15
458023
459327
15
463698
464877
15
489645
490129
15
493968
495625
15
497144
497603
15
514258
515458
15
520541
521040
15
566409
566643
15
575463
578947
15
600885
600960
15
601221
608221
15
616913
618427
15
631059
632259
15
645796
646996
15
656632
656876
15
662888
663957
15
669805
670515
15
681112
681611
15
699500
709500
15
729739
729969
15
733221
740221
15
759221
766221
15
766617
766862
15
783344
783563
15
847666
848866
15
854735
855228
15
874190
874434
15
882650
885350
15
898603
900567
15
901383
903147
15
908288
908537
15
945350
946550
15
981454
981690
15
997703
999357
15
1011435
1012635
15
1019398
1019852
15
1022548
1023652
15
1053490
1053901
15
1056048
1059952
15
1071098
1072802
15
1077498
1085252
15
1089998
1091252
16
23
2150
16
6778
8439
16
12290
13227
16
18202
19681
16
42976
43212
16
49278
64278
16
73038
73283
16
89758
92975
16
116505
116765
16
141595
142305
16
161693
163447
16
178643
179827
16
189963
191457
16
194903
196097
16
210467
211723
16
214486
216511
16
219587
220666
16
241223
242267
16
250245
250955
16
261168
262687
16
265603
266679
16
273918
274962
16
289483
289704
16
297813
299287
16
303433
305027
16
316743
318397
16
319000
329000
16
331678
332074
16
355133
362133
16
369003
369737
16
376723
377937
16
384536
384784
16
414032
416072
16
418132
418359
16
422281
423380
16
427273
428757
16
439113
441372
16
453658
454627
16
456557
456805
16
473000
481000
16
481995
496995
16
498853
500557
16
511619
511940
16
552403
554287
16
556133
563133
16
563822
564061
16
565046
565289
16
568373
569527
16
584037
584486
16
588613
589437
16
599813
601013
16
608474
609674
16
619892
621092
16
633868
634117
16
649000
657000
16
684383
684632
16
687133
694133
16
695432
695681
16
700763
701932
16
728393
729207
16
749094
749341
16
776921
777152
16
819153
819393
16
822993
825387
16
842646
842894
16
850007
851124
16
863303
864667
16
865187
880187
16
880854
881102
16
902206
917206
16
929725
930435
16
932976
933223
16
940923
943157
16
946803
947997
